4.491962297395986070e-01 2.380447447544934647e+00
4.582809309650572871e-01 2.364944952191790684e+00
4.585061181306603895e-01 2.352068260609788908e+00
4.503113877590882996e-01 2.372673858736980890e+00
4.445389461310120249e-01 2.373477383714102107e+00
4.530033522502611709e-01 2.370508558462726345e+00
4.431767858600517695e-01 2.353288170773998100e+00
4.556755428761588012e-01 2.368261673950305735e+00
4.434635951365747952e-01 2.371653274394712074e+00
4.511852806936314519e-01 2.360852434765355223e+00
4.503605449153377793e-01 2.349982198527501343e+00
4.582727354832155098e-01 2.353375296684396822e+00
4.341555592698415067e-01 2.367842858657703164e+00
4.467670792376664535e-01 2.367925941078941943e+00
4.442334366882229602e-01 2.371469314332553147e+00
4.418572413947060018e-01 2.366340543980734346e+00
4.462689437132957848e-01 2.359724560519995684e+00
4.470993193286305623e-01 2.356875083320002506e+00
4.477412914019780477e-01 2.356913234098509502e+00
4.523384983897666967e-01 2.370031400280651290e+00
4.575410610975698122e-01 2.342330617852908858e+00
4.525491313630080614e-01 2.358465578071764046e+00
4.532475579235331620e-01 2.346490716962833289e+00
4.577826914093327537e-01 2.378869568520618483e+00
4.492881246128801465e-01 2.360267987078704888e+00
4.523816527531442921e-01 2.368744789919826843e+00
4.578624867002256127e-01 2.352692805651515950e+00
4.469315833243304725e-01 2.369818347355856503e+00
4.436920380228659422e-01 2.368307304172279526e+00
4.525374373432801134e-01 2.366080448156348215e+00
4.509478984386945943e-01 2.361499141810845526e+00
4.486633145168657522e-01 2.381399992749048344e+00
4.490236811599873645e-01 2.362269836108900289e+00
4.560011672106402680e-01 2.341900227846795080e+00
4.452383316431962612e-01 2.364145814093961739e+00
4.553249972939334977e-01 2.361706234321605091e+00
4.393187919925177209e-01 2.353750582926348756e+00
4.476266147401730677e-01 2.361987281604830180e+00
4.478282490767539481e-01 2.380792136160108985e+00
4.392061390454549685e-01 2.355099236828638976e+00
4.624505414942964854e-01 2.334370422046269322e+00
4.487858535942698679e-01 2.365515877512529119e+00
4.454210326705009271e-01 2.352323540281572534e+00
4.606090552873649546e-01 2.341291833137490119e+00
4.635059412422093406e-01 2.337135899335452294e+00
4.450324515458020103e-01 2.355002994875452504e+00
4.474796949417256253e-01 2.365600695286801169e+00
4.538588840161904003e-01 2.370184909270082407e+00
4.408631733625597571e-01 2.359388391609289926e+00
4.546176390065272410e-01 2.373481876878630548e+00
4.429475160758247210e-01 2.361550700460857133e+00
4.493077173332741814e-01 2.369034981286030739e+00
4.444812427858564341e-01 2.362922953666345638e+00
4.572554909322436578e-01 2.350098827221243969e+00
4.486125652270945285e-01 2.353841778531590823e+00
4.483183903483315413e-01 2.365492318572599562e+00
4.378021162671967836e-01 2.358962748120592146e+00
4.626034679871542932e-01 2.349632141405010533e+00
4.498037590388627716e-01 2.387349777392768768e+00
4.503136913979966516e-01 2.374993953979471328e+00
4.526566795184923664e-01 2.361888287587653235e+00
4.575000262147432828e-01 2.350582088656171464e+00
4.534447820470558499e-01 2.363164243583652624e+00
4.610577271854253145e-01 2.352911147489582966e+00
4.459641839123433815e-01 2.357891171528954555e+00
4.678859865974706600e-01 2.352651788871356064e+00
4.507901717475431558e-01 2.359429790963694540e+00
4.433892570755220697e-01 2.359415597216889982e+00
4.486366363925846090e-01 2.361451838122555547e+00
4.486485604691954898e-01 2.331931224312433937e+00
4.528596866404606680e-01 2.353947445464004140e+00
4.415454713758816818e-01 2.369403270115397309e+00
4.541222409530606963e-01 2.375283752351827538e+00
4.496928958485226779e-01 2.370787075118984344e+00
4.531180109674438627e-01 2.361122476076221499e+00
4.581149918594375481e-01 2.374404977384064974e+00
4.542728656138448340e-01 2.348904008014733424e+00
4.536403276076224067e-01 2.353020408766105298e+00
4.430643406462388967e-01 2.363836219356277635e+00
4.491170405944746036e-01 2.359753699318373421e+00
4.579459655749784641e-01 2.349418222723113736e+00
4.418399829023783587e-01 2.384607172876088477e+00
4.592170362119804006e-01 2.360819916900904758e+00
4.492511273630875879e-01 2.361913173722649084e+00
4.531987548925856535e-01 2.374581686978487483e+00
4.599813672922751784e-01 2.352583765986665298e+00
4.414669883855019683e-01 2.349895528314108528e+00
4.507341229766082535e-01 2.354095166427563779e+00
4.450975889277301589e-01 2.366071736029282668e+00
4.401113216746128098e-01 2.372015840788299634e+00
4.499682794223432980e-01 2.361352691568352036e+00
4.484624184627366561e-01 2.363892034097179629e+00
4.572206423738542913e-01 2.370250245189136962e+00
4.549589916981778281e-01 2.376179740484832159e+00
4.557652765236697712e-01 2.374611490687981163e+00
4.377516774690303758e-01 2.350111578699088710e+00
4.539169398655005239e-01 2.351685257909490012e+00
4.422483223980598344e-01 2.366581023610216494e+00
4.494483035847110508e-01 2.357390102589822511e+00
4.417158864235801174e-01 2.353728922901355602e+00
4.463657230080330662e-01 2.364547444444260016e+00
4.467320602980526800e-01 2.372121836620629143e+00
4.440956256533004631e-01 2.353804796169872926e+00
4.535594290332101708e-01 2.371416137142958291e+00
4.540861583331297080e-01 2.358407519493775695e+00
4.576144080313997442e-01 2.360727570355223293e+00
4.463471998801342155e-01 2.357776751674183657e+00
4.493935349539970314e-01 2.366719587335868180e+00
4.491397678595220877e-01 2.367210087710259536e+00
4.431704474855069353e-01 2.351268998006946553e+00
4.451019559177366580e-01 2.368866613299460244e+00
4.625491216769009317e-01 2.348499203963736015e+00
4.646305187653020363e-01 2.358431649231655047e+00
4.563638286593005300e-01 2.373858420113028611e+00
4.482739613838657156e-01 2.347403702509307521e+00
4.509600918030047256e-01 2.353721828702372232e+00
4.566285173558470856e-01 2.376130080104372766e+00
4.547123219560744722e-01 2.375188331951965104e+00
4.539018550091213910e-01 2.352025655505123325e+00
4.548142788669994885e-01 2.370057117055216711e+00
4.528865217698699319e-01 2.355489166236532483e+00
4.456828192164647429e-01 2.345391346716072523e+00
4.548965140358287029e-01 2.354579842569715531e+00
4.508198780564607877e-01 2.353204759914326871e+00
4.474275305787202006e-01 2.377256179796615410e+00
4.441267009828555601e-01 2.373703540254621824e+00
4.604699429411914235e-01 2.346410932022898521e+00
4.379577115933224740e-01 2.373853053497168908e+00
4.543044550797677439e-01 2.353757326545550921e+00
4.443578970528178074e-01 2.360593325680042209e+00
4.565972216384682758e-01 2.370936898099224699e+00
4.576911366321103625e-01 2.361026740438869620e+00
4.613933352370347962e-01 2.349174957761415605e+00
4.467203838855955400e-01 2.372965927161179156e+00
4.484258069753531140e-01 2.362557687791182470e+00
4.409238359770339954e-01 2.390565322927642011e+00
4.436224185093295413e-01 2.376149636783247310e+00
4.591051512140660873e-01 2.355891179561239390e+00
4.490353628993169477e-01 2.355939902236000361e+00
4.468270760377835993e-01 2.358496788135636013e+00
4.515429567725583460e-01 2.373184364293735360e+00
4.503703227551416610e-01 2.365583278372626275e+00
4.438260121627587984e-01 2.334857227879533870e+00
4.379505215443854071e-01 2.350000561598674320e+00
4.481554335480184559e-01 2.364384198474219101e+00
4.327660107125687605e-01 2.352782785803304133e+00
4.523734863387642857e-01 2.376614331669602453e+00
4.528547233786677229e-01 2.362763547823507615e+00
4.410791905522204459e-01 2.364268328498185134e+00
4.640289082977935298e-01 2.375407722398000576e+00
4.465753221193065614e-01 2.381188029204710510e+00
4.523696513850034018e-01 2.370979756764102664e+00
4.495064982048854185e-01 2.386541524861967467e+00
4.654231930201548351e-01 2.353078161216043185e+00
4.583858848844784006e-01 2.358828204954579455e+00
4.486593116890000843e-01 2.371106304964755829e+00
4.479036409004174546e-01 2.348281107964300674e+00
4.483334820984336555e-01 2.370464218928106437e+00
4.440225862516278266e-01 2.378126638139288040e+00
4.483907041500223012e-01 2.352850262240404611e+00
4.477819915613616142e-01 2.377760920200503669e+00
4.557251596778439384e-01 2.375952363035456649e+00
4.442179480924814960e-01 2.356106653960775787e+00
4.510591833088533620e-01 2.358773811559787159e+00
4.549194354710352495e-01 2.371304744072656234e+00
4.477362430428489803e-01 2.372015367992002410e+00
4.468270603767361959e-01 2.362153101448942749e+00
4.591848368760266808e-01 2.379710474991616920e+00
4.489633304379980205e-01 2.357780007120438892e+00
4.503134492505196373e-01 2.362631261400483407e+00
4.421716278531978572e-01 2.362983319923553704e+00
4.455993112057299865e-01 2.373526583387932209e+00
4.532338740972841618e-01 2.348184706727687754e+00
4.574990582173837361e-01 2.347277593323375378e+00
4.453718724652419581e-01 2.342100876478213856e+00
4.497338738364464739e-01 2.386320065721468264e+00
4.566985312753541471e-01 2.357693032778695574e+00
4.597872803054197099e-01 2.364249747714335381e+00
4.436165937889449129e-01 2.365348545562896643e+00
4.517392852291281513e-01 2.351289391597223055e+00
4.471802108286132560e-01 2.348840438395475960e+00
4.449813190536718310e-01 2.371029787180670922e+00
4.577844731630243413e-01 2.339214485260028731e+00
4.523397762465284910e-01 2.369121437195933044e+00
4.418900076094309792e-01 2.356728971054136590e+00
4.492082107353208564e-01 2.365330915809660262e+00
4.438878806930982579e-01 2.372209934041520807e+00
4.640612338384711988e-01 2.357071290287313658e+00
4.381778986784513608e-01 2.375090972071016715e+00
4.463334269363068429e-01 2.363815223999220283e+00
4.539236295215597350e-01 2.353950341668969770e+00
4.575887152907925359e-01 2.349319108332128980e+00
4.602837830050362511e-01 2.358787614583572445e+00
4.535637689997883415e-01 2.363690088624522012e+00
4.618790139079700929e-01 2.341216559952604914e+00
4.458873152475722468e-01 2.368195889561272249e+00
4.634114645832934087e-01 2.368831378441988988e+00
4.539087379979232506e-01 2.355897334723645375e+00
4.521817732061566564e-01 2.358245399178686696e+00
4.511160571531065422e-01 2.379131145164980143e+00
4.495604978020321107e-01 2.374192757650552821e+00
4.482881223636848711e-01 2.382117551065386696e+00
4.544406659456560194e-01 2.363100037326804070e+00
4.446201140025897725e-01 2.356261722589757746e+00
4.492973778974772570e-01 2.366311507719223162e+00
4.610752807542189413e-01 2.353367949857003705e+00
4.605608742519815002e-01 2.359123747073691213e+00
4.486681432543991876e-01 2.350553382296904914e+00
4.529948929891846054e-01 2.339752601936186949e+00
4.622148776798531977e-01 2.362752732613539131e+00
4.447628514045562365e-01 2.355369538589102696e+00
4.342432557236711177e-01 2.368909018377233444e+00
4.427764807424121596e-01 2.365130036446246198e+00
4.517214665717106947e-01 2.359989941591241092e+00
4.541455058420000857e-01 2.365096346501033509e+00
4.462883168552050361e-01 2.370167656098427500e+00
4.558622135188562519e-01 2.354804270039505099e+00
4.486328498173656198e-01 2.344670796494329856e+00
4.492586324578628498e-01 2.352659922603032250e+00
4.546057053068782716e-01 2.353195208406751338e+00
4.510313993341062422e-01 2.370796317477305681e+00
4.404339480510095495e-01 2.361771095281556931e+00
4.472798328101785792e-01 2.350884907318282480e+00
4.431413196601304838e-01 2.377731005651879670e+00
4.535317756329114713e-01 2.337337832039273700e+00
4.495619121423845566e-01 2.363425811960581768e+00
4.441830005417488625e-01 2.365237974087817552e+00
4.607340944000166139e-01 2.369177102783052380e+00
4.607607495157851618e-01 2.347874358244219639e+00
4.701049382743490712e-01 2.359246788433181141e+00
4.389022493085271148e-01 2.361067620325649763e+00
4.584403301468340519e-01 2.357683461753818044e+00
4.451488598080289294e-01 2.351438859572009932e+00
4.611642052910667200e-01 2.351771494367085769e+00
4.446520837707603202e-01 2.358313530066929342e+00
4.468738404973254807e-01 2.338753124124890892e+00
4.432952508840856121e-01 2.354558329058441313e+00
4.368081996833255709e-01 2.374238108212797016e+00
4.615403275467934718e-01 2.361623672901954407e+00
4.540086174312134015e-01 2.355867365714117589e+00
4.437820086313766232e-01 2.369787791001916499e+00
4.403081318606928418e-01 2.368439603196650367e+00
4.613953026532537915e-01 2.365080198488135110e+00
4.633401879990486361e-01 2.344729434045817573e+00
4.406052271166044920e-01 2.375130816259528377e+00
4.444689915803997637e-01 2.361306339919802877e+00
4.513297939572914474e-01 2.359292350969643071e+00
4.409880069079789577e-01 2.381560123144078833e+00
4.537823620244942902e-01 2.345244180824186397e+00
4.567427964237421589e-01 2.363014824283109494e+00
4.511361122420211589e-01 2.362021741197753322e+00
4.459407773620925330e-01 2.368701999064085406e+00
4.551829501058790584e-01 2.377626619876672454e+00
4.461992372856326550e-01 2.369632626789011987e+00
4.441068778636592662e-01 2.345416714073517372e+00
4.649131566100225821e-01 2.364223900495304065e+00
4.454191887107228909e-01 2.363286474149894456e+00
4.504833348753605193e-01 2.352488396847058461e+00
4.523722331144767184e-01 2.343812730381964915e+00
4.485771061857870556e-01 2.352250768385118374e+00
4.573770902912756009e-01 2.371718447598853530e+00
4.525813149150582637e-01 2.360851950909733432e+00
4.644502025448840610e-01 2.362319895695204508e+00
4.445113708674071074e-01 2.370038249304468270e+00
4.452113914774923908e-01 2.359874528537837968e+00
4.512011374236634120e-01 2.345338613776497105e+00
4.588364342183925415e-01 2.358489602579842970e+00
4.524615766661352345e-01 2.371923696339564458e+00
4.491073024470026431e-01 2.363158269335809081e+00
4.449036037404606736e-01 2.385056792674765891e+00
4.582175677130780334e-01 2.343451035540188521e+00
4.556112945480875753e-01 2.357978618599272380e+00
4.525792434064133674e-01 2.372298876252858957e+00
4.470400326121917733e-01 2.348691195501501294e+00
4.472265116374681271e-01 2.361473864749564999e+00
4.494455314853486039e-01 2.358170416151027293e+00
4.465389375982022901e-01 2.375985335941077192e+00
4.588092285656762415e-01 2.375471870796741047e+00
4.514102026000185175e-01 2.343652731962574620e+00
4.473916600306714897e-01 2.353432069850187158e+00
4.611316814695613497e-01 2.349626015567147341e+00
4.491421802342420722e-01 2.366247603336478544e+00
4.536942715695329587e-01 2.364135820698026080e+00
4.557859254885507361e-01 2.374416071199913603e+00
4.585242844107000337e-01 2.351383098471249600e+00
4.429199444160401566e-01 2.378230963075596449e+00
4.506739901314539831e-01 2.363511184706647672e+00
4.439628150809837304e-01 2.381618934759762496e+00
4.509550582189470469e-01 2.358092748773701786e+00
4.437906221080791247e-01 2.363755097308916309e+00
4.539490225152398306e-01 2.343172609391796168e+00
4.511227284244446745e-01 2.362942262443362917e+00
4.590752557105809428e-01 2.363349479787315577e+00
4.683167292052898278e-01 2.371175527841275166e+00
4.625769854394699010e-01 2.352479244465743857e+00
4.602601641879259797e-01 2.367867477529568276e+00
4.446504769712407157e-01 2.381804108045793900e+00
4.530909293663152315e-01 2.385829852757155756e+00
4.582011006752887416e-01 2.345756629233994417e+00
4.540811749818314258e-01 2.356935247591100513e+00
4.471169837038164174e-01 2.349778939419575607e+00
4.524113485400788615e-01 2.351882851177059308e+00
4.555516130969529676e-01 2.369647034527286866e+00
4.447240133995530864e-01 2.366266666259540408e+00
4.513263821150716448e-01 2.377371904272383762e+00
4.456255315456669197e-01 2.346117830259498938e+00
4.508053641154405322e-01 2.371917261835417623e+00
4.525162818442300949e-01 2.341369774753328858e+00
4.506835786558450740e-01 2.352635915813980905e+00
4.557409996906408578e-01 2.357656428438992258e+00
4.537231106931338132e-01 2.361186253666769375e+00
4.543014517246053985e-01 2.359397283585203731e+00
4.550116990372080061e-01 2.349920629327942656e+00
4.569217682410348091e-01 2.358692101264134422e+00
4.567121819699647700e-01 2.377635101501459403e+00
4.609074349143423288e-01 2.361299784256014611e+00
4.466055941584829991e-01 2.366150318133550812e+00
4.540769741716693120e-01 2.370342594469899922e+00
4.470682539897461449e-01 2.356664843955241562e+00
4.686517523307619504e-01 2.357510532876375464e+00
4.552026877952546347e-01 2.351952994497771510e+00
4.634738167777980311e-01 2.349064934319496700e+00
4.653183853271677384e-01 2.374070192053248540e+00
4.495630643853549269e-01 2.357545022304222915e+00
4.503972201547785104e-01 2.373802036904136159e+00
4.603341593010119026e-01 2.363048491185266720e+00
4.457151772714286198e-01 2.356123689452035208e+00
4.368554236574004879e-01 2.341753728776403864e+00
4.513529960131837937e-01 2.370568683421395928e+00
4.547662939123752746e-01 2.362405323975146576e+00
4.516010172343543627e-01 2.352050899508840942e+00
4.510351117802570142e-01 2.379472159835192002e+00
4.478663466579845820e-01 2.365636968941425167e+00
4.484648249013839516e-01 2.362395444077943552e+00
4.524748430701163726e-01 2.370553322032394217e+00
4.538469128485773663e-01 2.378298431157729098e+00
4.457343721386129998e-01 2.359914499453274583e+00
4.464482910297491447e-01 2.349561111136426739e+00
4.520578886452801814e-01 2.359825520000770283e+00
4.491996291670148911e-01 2.363927304046784084e+00
4.654839714382691396e-01 2.359289217484457968e+00
4.500826396279472563e-01 2.362333210354318425e+00
4.492435252135799639e-01 2.376579718079353309e+00
4.558415110636630518e-01 2.357347487945240072e+00
4.479123626172005768e-01 2.366771170924004242e+00
4.469388839103570210e-01 2.363238765445559331e+00
4.646607438410957358e-01 2.361082211067596415e+00
4.591656996334650964e-01 2.353574044677597232e+00
4.342430745207571663e-01 2.362108187258943559e+00
4.492515289228506403e-01 2.354508346784277339e+00
4.486873172076804028e-01 2.342120723605189969e+00
4.496945036703079990e-01 2.345664787960634712e+00
4.604960459982240795e-01 2.370964197736904033e+00
4.516053986879983162e-01 2.378859831500490074e+00
4.575810310331813180e-01 2.362045343512100715e+00
4.511966730906468714e-01 2.350667393552339668e+00
4.492425171042953025e-01 2.379252939224786090e+00
4.480168434855371085e-01 2.346917426925030359e+00
4.420165331380275786e-01 2.346540635984755152e+00
4.477709345512572714e-01 2.344180045284002922e+00
4.521761807346126871e-01 2.357926189699847797e+00
4.586608711872620647e-01 2.360803281111884200e+00
4.523141860452609686e-01 2.351164293174885511e+00
4.590393343593512920e-01 2.367189830448936938e+00
4.533736072033128228e-01 2.352424862194840927e+00
4.579143945559830398e-01 2.359848655454033217e+00
4.655590640334656971e-01 2.339720941738493210e+00
4.351700767708747697e-01 2.369292236115916328e+00
4.502703883239195237e-01 2.345561368083543208e+00
4.622024391508943175e-01 2.362307437502240592e+00
4.605281216487984719e-01 2.337101146382927652e+00
4.579374632376873033e-01 2.343296774106441660e+00
4.380513633208042434e-01 2.360566882557646018e+00
4.477932047259383097e-01 2.342932971834076117e+00
4.469283127485631502e-01 2.393240732116705960e+00
4.481615306783876540e-01 2.366685237363953753e+00
4.450155188340917389e-01 2.365967175284243051e+00
4.578250645804351482e-01 2.365557596883146818e+00
4.531912375987058872e-01 2.355555520617336196e+00
4.584604487731083755e-01 2.360579308518933939e+00
4.637014560739086688e-01 2.358582225754292772e+00
4.502081327226601926e-01 2.351640090569884656e+00
4.492444630753512080e-01 2.365554423023040087e+00
4.461139045949673587e-01 2.368870021505895540e+00
4.496254292647930972e-01 2.359904139946387147e+00
4.450192229347222916e-01 2.364058549057769465e+00
4.631034541409699279e-01 2.351335046953716645e+00
4.554963805078236505e-01 2.352529496656835750e+00
4.560497892775388640e-01 2.360762995829799760e+00
4.502623307726127955e-01 2.363267231977685956e+00
4.531964403920499262e-01 2.365914340637864210e+00
4.442277905742462174e-01 2.351050414591207449e+00
4.601350919356870239e-01 2.345312786583385822e+00
4.523999438802017159e-01 2.360975834542501151e+00
4.491684335107234971e-01 2.358400885636639632e+00
4.409987028288595567e-01 2.362459269558896402e+00
4.496289864486300858e-01 2.363423580820086300e+00
4.609672060782085690e-01 2.361497680075094863e+00
4.455816157261819344e-01 2.367314021721615536e+00
4.426565506401157757e-01 2.366558652482148251e+00
4.521635249663986111e-01 2.348192359206126234e+00
4.440422450446198654e-01 2.360960385278441986e+00
4.566853603367484471e-01 2.348659292935455056e+00
4.503265990438338751e-01 2.345262460273694671e+00
4.475439161708108515e-01 2.373694914447979976e+00
4.418253836608267981e-01 2.375682849416667963e+00
4.494744006169945627e-01 2.359113180585206138e+00
4.421822920077479457e-01 2.377322175681567007e+00
4.459889838478353075e-01 2.355554702032744530e+00
4.623419184959456918e-01 2.360450489629061899e+00
4.506006565237904438e-01 2.375373884042039752e+00
4.502130885395895787e-01 2.379820546093328826e+00
4.537767890400366544e-01 2.363934050228415629e+00
4.526921908946502371e-01 2.388551451332242781e+00
4.648631921652117693e-01 2.374908741066735551e+00
4.442298288253936356e-01 2.383041397260576844e+00
4.466390049720729283e-01 2.369983937838137322e+00
4.493399006089289771e-01 2.360202737712286503e+00
4.566927669318122662e-01 2.359593812500230481e+00
4.578104814680166723e-01 2.354409309301837894e+00
4.466128239287037172e-01 2.356714397837534669e+00
4.570351822955563970e-01 2.353162556436895869e+00
4.557591501972562131e-01 2.356124900473499650e+00
4.666513052749698964e-01 2.352850259733039184e+00
4.584262359064806280e-01 2.375880124557411932e+00
4.583457650601711064e-01 2.362090652663380030e+00
4.564858279828026277e-01 2.368245147240550352e+00
4.583591083091561602e-01 2.341519286083690865e+00
4.483433321096526036e-01 2.362396929936164902e+00
4.466145437588429079e-01 2.361554108927359064e+00
4.499446478150276874e-01 2.357418789780019175e+00
4.581169918438947608e-01 2.375990609673779730e+00
4.518544382053244490e-01 2.366589803331263564e+00
4.485128369074161125e-01 2.352329888854075790e+00
4.641443654562311116e-01 2.357329491983493508e+00
4.464970328584385584e-01 2.373273178428525920e+00
4.498908426184290987e-01 2.361923032360241592e+00
4.491658167401143542e-01 2.375232582335619291e+00
4.599533405139170639e-01 2.377374411014748556e+00
4.550039577521765577e-01 2.354392786255852688e+00
4.706820531193151025e-01 2.361819677583448573e+00
4.463824007055973708e-01 2.370182407205293273e+00
4.547225119751177047e-01 2.344591376269793415e+00
4.553694680146163076e-01 2.352910044331013140e+00
4.622191394340394721e-01 2.348038872070994820e+00
4.525245567056322971e-01 2.357383847266438792e+00
4.462519569931143737e-01 2.363421845958439960e+00
4.464348009025083663e-01 2.373956470801910079e+00
4.543499423269738435e-01 2.350097894401209864e+00
4.521457838020436770e-01 2.360750905513182563e+00
4.477640514287724582e-01 2.367140638818900911e+00
4.588910770221945601e-01 2.357884102976690599e+00
4.413863171229446825e-01 2.373754572612744251e+00
4.512163154628263118e-01 2.359918884138963335e+00
4.468634728581213356e-01 2.358204457206632743e+00
4.532775548372298680e-01 2.369392184879217211e+00
4.442445551477465226e-01 2.349282883740965389e+00
4.582224136433351580e-01 2.349343259915487980e+00
4.282569264848531398e-01 2.370250008484390492e+00
4.522302275185544618e-01 2.351084946719375068e+00
4.553190200997960790e-01 2.375809658535979363e+00
4.526886538761835110e-01 2.354896776348308407e+00
4.481681009972467433e-01 2.362822336153730607e+00
4.520058847587690165e-01 2.378336456616439332e+00
4.542360042450706015e-01 2.358536402582279479e+00
4.470720590944201600e-01 2.367151876948812017e+00
4.471804098780856052e-01 2.346534461639581348e+00
4.413229534324221714e-01 2.363836374926704842e+00
4.579944872922859234e-01 2.366269895250095789e+00
4.487303851819152700e-01 2.378888131823846397e+00
4.646871063999797324e-01 2.342469964497772672e+00
4.483187929527799320e-01 2.358929906313643521e+00
4.589478196986507830e-01 2.358910180665717782e+00
4.501827144932074587e-01 2.345319038430661696e+00
4.332120783802812514e-01 2.365336937837010822e+00
4.528134164946094331e-01 2.376705223247632670e+00
4.412371585186499190e-01 2.362758177811882021e+00
4.507153258055733858e-01 2.373950647910352263e+00
4.486835411006144247e-01 2.377280769338304012e+00
4.675518622159427484e-01 2.365146112672062539e+00
4.630635158091108705e-01 2.357994422675911306e+00
4.420251055972293508e-01 2.387097682241197560e+00
4.604231470027604911e-01 2.344639259339402759e+00
4.494047175361950419e-01 2.374249319078107767e+00
4.431920646926462148e-01 2.373955178394273613e+00
4.370332799451631667e-01 2.380185149631935726e+00
4.499463904014657234e-01 2.351454182923203184e+00
4.633617236762602176e-01 2.367341601635917669e+00
4.549897807748754519e-01 2.371289760126368940e+00
4.485373775510310135e-01 2.356880374049431293e+00
4.561584557072356771e-01 2.342941486025229114e+00
4.523790147556603913e-01 2.355270034589621808e+00
4.527866707107087163e-01 2.375230414600156159e+00
4.549427591673353422e-01 2.368296009003577840e+00
4.552111901873006072e-01 2.371842548128887618e+00
4.534764882682635334e-01 2.359904314657250701e+00
4.472529618924133699e-01 2.366558272096653592e+00
4.509028288564895792e-01 2.356998117635272560e+00
4.546384209765899076e-01 2.362078552199696979e+00
4.469051128399489925e-01 2.360988144755395535e+00
4.491846211803173783e-01 2.373539809633648190e+00
4.428971357671582232e-01 2.361564796364187924e+00
4.520793071775044414e-01 2.359532619887382943e+00
4.526629317238626271e-01 2.363678261000509817e+00
4.590856968413015715e-01 2.354263278824864969e+00
4.533903499423239669e-01 2.367960970754158012e+00
4.492098163936232846e-01 2.372800829834301073e+00
4.435908162977613145e-01 2.354383709112189749e+00
4.605736792454066530e-01 2.359519892269684060e+00
4.509509438699735306e-01 2.359625671723954987e+00
4.464128755331254195e-01 2.365228072798858161e+00
4.501145691634493295e-01 2.350837754374186073e+00
4.472791702396365365e-01 2.364507267568939586e+00
4.561709077579142457e-01 2.371206174972165570e+00
4.568092241559250088e-01 2.375435092597210751e+00
4.476212381130890705e-01 2.360069304853041672e+00
4.540315756359822319e-01 2.359725535575700306e+00
4.446486788076238761e-01 2.379720515029289718e+00
4.557714078499762178e-01 2.348704595069651013e+00
4.486582639012896556e-01 2.334419882699846127e+00
4.582057526202557574e-01 2.358925163799207692e+00
4.451596465013097359e-01 2.372662165710752724e+00
4.565152731180413537e-01 2.362029593209738376e+00
4.437299080638720805e-01 2.356796289330219007e+00
4.499016205244121824e-01 2.357448360032114998e+00
4.475501384660896531e-01 2.369691392236366045e+00
4.416192024720183573e-01 2.355251063250312082e+00
4.455030829825371019e-01 2.379135926354177144e+00
4.595363144738657257e-01 2.361528096796679410e+00
4.433954229808277914e-01 2.368709098828038595e+00
4.487538906465143862e-01 2.377340601192346803e+00
4.484293920300069791e-01 2.358440239266507366e+00
4.503366739298559351e-01 2.351973534643490016e+00
4.464055026213285537e-01 2.358763913355699682e+00
4.409308007828185438e-01 2.376301147597252861e+00
4.421316725929586022e-01 2.366979034211939670e+00
4.589908626005348435e-01 2.362729496159853948e+00
4.413072494211848773e-01 2.360193497795664008e+00
4.579064938413200947e-01 2.356069155766506107e+00
4.623298913180486358e-01 2.347046690581838124e+00
4.513246315127287245e-01 2.366078825771854355e+00
4.615180052641552622e-01 2.369538292261273771e+00
4.620628963081223062e-01 2.368512943364886603e+00
4.481286921498527920e-01 2.389299918093716890e+00
4.437372822611794221e-01 2.345968939854232715e+00
4.524952208468736581e-01 2.344452896168387923e+00
4.396074584114635364e-01 2.357203427251538752e+00
4.510315272170333789e-01 2.357009805677434233e+00
4.463062773467908473e-01 2.367816176321706045e+00
4.574991532835520069e-01 2.349725072719190067e+00
4.501571181514373299e-01 2.345598828935761659e+00
4.437806130210786293e-01 2.364970325730586520e+00
4.397762872974951831e-01 2.375489654533427419e+00
4.547616812969760836e-01 2.345667827360599755e+00
4.552642920562406936e-01 2.369044761488392936e+00
4.493574221113289524e-01 2.372998181103795456e+00
4.452668437260545731e-01 2.359964998052748175e+00
4.407498508370673584e-01 2.355939277149660782e+00
4.527110647361156093e-01 2.358971274811980656e+00
4.492258470157288186e-01 2.360485956187628798e+00
4.544980996635407111e-01 2.346994731690458025e+00
4.420390505241396095e-01 2.370442679213316861e+00
4.452129303669002391e-01 2.378458860558736898e+00
4.534106088756759689e-01 2.368236784839696796e+00
4.687055736458241584e-01 2.373841547176937183e+00
4.522974993629505502e-01 2.360233854578378310e+00
4.417380933719445846e-01 2.375687050493946906e+00
4.510080806208772164e-01 2.343277946635958120e+00
4.486350416142266817e-01 2.363636331700158077e+00
4.443218384243313723e-01 2.357568218247794611e+00
4.597720331502891944e-01 2.368229011348519375e+00
4.471864247987462071e-01 2.344314118696236626e+00
4.589476289450447055e-01 2.361268165139354114e+00
4.540817524287821261e-01 2.375932661990017625e+00
4.426960736679710906e-01 2.372271036627874974e+00
4.597784696735227605e-01 2.341043888778171933e+00
4.399827414843879292e-01 2.388298091415416380e+00
4.480069242279004493e-01 2.350297363763253600e+00
4.531067368602981205e-01 2.344920929655929687e+00
4.435483756044887871e-01 2.352539728231479721e+00
4.441364956218062376e-01 2.352096306522587721e+00
4.588256337957445363e-01 2.358351521891887792e+00
4.564174348455225516e-01 2.356826149548321592e+00
4.568960123846045884e-01 2.364300798552688043e+00
4.444805470065689157e-01 2.371211398721710051e+00
4.636845688722637804e-01 2.371223859415915847e+00
4.519987629675486507e-01 2.338038098297198442e+00
4.575589634147731455e-01 2.338811300829050754e+00
4.574185013111481957e-01 2.353916629164940044e+00
4.345276713243664268e-01 2.348555531764319415e+00
4.562683177608289342e-01 2.373692252685541515e+00
4.580157001596800725e-01 2.351532835476298100e+00
4.536542701875654338e-01 2.353328353679518870e+00
4.471667189583224400e-01 2.380722813735672183e+00
4.653021683798484465e-01 2.343957219818121551e+00
4.470595141859987631e-01 2.351781729883378080e+00
4.492390571708853031e-01 2.373653278794092714e+00
4.518108399638282036e-01 2.385213665877798483e+00
4.516317328906138684e-01 2.372952038389616103e+00
4.487013276237515891e-01 2.358927112766115108e+00
4.534877336552005644e-01 2.363782915879542923e+00
4.516657316953598955e-01 2.360702160492694546e+00
4.387085989139579145e-01 2.383224031955181399e+00
4.482596337216248616e-01 2.359736511161362849e+00
4.524663254032401660e-01 2.364178431983603890e+00
4.529809773503613579e-01 2.356057594395746690e+00
4.478429875464564613e-01 2.371108499929206470e+00
4.444131912000242046e-01 2.365014788259804934e+00
4.521222830603873755e-01 2.368095785677868825e+00
4.564876947729146761e-01 2.377100481916452512e+00
4.554729220000086620e-01 2.342806124445598215e+00
4.507879426251975019e-01 2.366986707053888139e+00
4.603531722847540308e-01 2.359110425831354885e+00
4.622893161372342852e-01 2.363377756494485560e+00
4.561278170017361022e-01 2.373161304938040672e+00
4.477964071593366069e-01 2.361938196508354348e+00
4.501268490955566692e-01 2.360788266559521453e+00
4.530919467959569902e-01 2.352335202296868655e+00
4.498737821084996535e-01 2.349835130998230159e+00
4.460047653662665978e-01 2.351687978351695740e+00
4.509738166089293787e-01 2.361285662026883170e+00
4.569570631051290133e-01 2.351641130850571582e+00
4.570600342746057865e-01 2.346477490797592491e+00
4.510000194399019224e-01 2.356554453821622097e+00
4.574670153373617820e-01 2.325812699812407125e+00
4.505658206922001918e-01 2.358283091848484503e+00
4.432446419109054014e-01 2.384275806895620242e+00
4.586235903879936071e-01 2.360429176734496259e+00
4.520490569615404075e-01 2.352052729089870731e+00
4.480488254269404669e-01 2.374500488150718791e+00
4.614167962776922760e-01 2.370674472191479421e+00
4.494024154179103170e-01 2.354595641560870423e+00
4.438779446929743133e-01 2.367832356655267034e+00
4.570111115755918219e-01 2.373940390793896960e+00
4.582419548957235023e-01 2.376496121368024017e+00
4.545582373144815280e-01 2.368598635903328198e+00
4.565763011466878463e-01 2.356577340784487440e+00
4.560540602822001910e-01 2.349323039484651154e+00
4.410324553198414210e-01 2.391754389658564239e+00
4.521349680550337813e-01 2.354553566504269835e+00
4.619653955511271448e-01 2.369574387263032378e+00
4.631959819217244534e-01 2.338372661738801650e+00
4.565260791349826652e-01 2.356012935850384071e+00
4.472100433247384044e-01 2.344700566807079500e+00
4.430498486750991671e-01 2.362992529643191286e+00
4.520945609446935243e-01 2.356233996341551951e+00
4.592939439644048716e-01 2.352248145600556395e+00
4.556369271982067537e-01 2.374629239398432734e+00
4.530009996174375608e-01 2.359754887550908009e+00
4.445852594915434830e-01 2.373692793680932667e+00
4.374204780539217019e-01 2.369273966560057065e+00
4.466667917951171463e-01 2.363872890286265349e+00
4.462674483090656175e-01 2.353996715138253926e+00
4.517059237888321754e-01 2.363031227579472482e+00
4.570906484797483404e-01 2.353115565795566244e+00
4.513737563537192909e-01 2.357009467236796052e+00
4.515059808493706583e-01 2.352655635224554231e+00
4.635635841426254955e-01 2.366291877550347866e+00
4.472453269319022762e-01 2.359641010683274587e+00
4.495566456796183386e-01 2.367109035115871674e+00
4.574335806657287007e-01 2.375716887053862525e+00
4.565827739239101679e-01 2.346386880649420803e+00
4.564646812818270449e-01 2.349910854887550027e+00
4.503280839702212268e-01 2.372871607428725937e+00
4.630125233703496490e-01 2.358544433437371080e+00
4.592890602261301414e-01 2.364564001107144264e+00
4.529573456573314783e-01 2.366186530041497260e+00
4.480594375908208971e-01 2.361549631282921169e+00
4.462974890844295661e-01 2.377255720915119497e+00
4.472473611275333827e-01 2.346828388341820393e+00
4.525123992153434749e-01 2.382763595606729901e+00
4.606940046377320797e-01 2.366071846872676243e+00
4.597250029179156816e-01 2.354278715535209621e+00
4.611537480967195513e-01 2.336799550640767720e+00
4.575390308863789279e-01 2.374739019783663974e+00
4.521007066055379164e-01 2.364112631282731414e+00
4.488330767413796218e-01 2.368650569444257670e+00
4.529567229540044093e-01 2.378768062785136639e+00
4.419662477040786630e-01 2.373770617509134429e+00
4.520603546381806170e-01 2.353010382415940960e+00
4.526599471359551430e-01 2.344375150256585272e+00
4.430751277096733887e-01 2.382407722610568435e+00
4.564956898146175224e-01 2.362240131904095097e+00
4.515354500601282961e-01 2.364651918718215118e+00
4.531108597794709092e-01 2.365834441428355639e+00
4.509695064302404188e-01 2.347525478914532560e+00
4.525320470640858961e-01 2.356266135964439901e+00
4.558154136701046966e-01 2.369817851725825264e+00
4.462016737928435894e-01 2.386877421108168473e+00
4.447513154577762418e-01 2.368455263886310558e+00
4.538810338484997597e-01 2.351484722516020032e+00
4.472256664265427673e-01 2.360880961529942645e+00
4.423523813763547419e-01 2.367443482941419486e+00
4.528955036607738571e-01 2.352667395671257822e+00
4.477017850306398983e-01 2.359082788127436103e+00
4.513018644858548534e-01 2.378935037464808389e+00
4.557769374422970809e-01 2.360439738751761496e+00
4.482558726659182646e-01 2.358270862793751643e+00
4.498594108904388489e-01 2.354599849427073899e+00
4.477719744710657035e-01 2.364061769337940877e+00
4.522915065337286822e-01 2.364988298731725891e+00
4.542962895189713857e-01 2.359080329325653924e+00
4.435930293837905269e-01 2.362232533422969905e+00
4.589596353911605808e-01 2.368730264783038386e+00
4.557665150518369623e-01 2.357760698808649025e+00
4.469935606039767695e-01 2.371113854865215753e+00
4.555914290561237090e-01 2.346798353461333697e+00
4.527176664203324541e-01 2.367125723036912710e+00
4.537348188905869772e-01 2.370433186004640813e+00
4.487753278934349388e-01 2.367438620817713613e+00
4.557072083092927883e-01 2.364069822088736839e+00
4.465142139980045610e-01 2.344899840556189829e+00
4.453749946897104794e-01 2.349417346270317619e+00
4.503027088753623897e-01 2.361322013289757216e+00
4.496476994626152357e-01 2.370405409100853067e+00
4.591614740341907197e-01 2.378852736583378924e+00
4.471772369604236075e-01 2.353763859420780591e+00
4.543214052016123494e-01 2.353795613310087909e+00
4.582872617886366573e-01 2.366555404935328788e+00
4.588626875315385267e-01 2.375116964856623269e+00
4.487003360118591022e-01 2.349102280433025047e+00
4.701889607602402488e-01 2.375280076801093099e+00
4.522642289567322949e-01 2.348268481005407970e+00
4.334209243044009341e-01 2.364489478223820385e+00
4.614856500038648224e-01 2.364199434974154634e+00
4.523882537895078104e-01 2.357998005182789125e+00
4.492977473890890638e-01 2.394588875450279541e+00
4.515944240600915371e-01 2.357817369878638214e+00
4.463926775954430437e-01 2.362402721403068728e+00
4.452704739869690620e-01 2.360697786066142889e+00
4.598855818762478953e-01 2.373619604489421775e+00
4.516060361718686189e-01 2.375642947084709800e+00
4.470568110324530942e-01 2.393120413296277782e+00
4.501552749108383433e-01 2.361936916317570301e+00
4.548234679359961508e-01 2.364336334944258322e+00
4.523188780183592939e-01 2.352565144075395853e+00
4.605756440320289413e-01 2.351635136259908609e+00
4.453198291776613305e-01 2.364181326757773149e+00
4.514901957035196700e-01 2.348304290071324019e+00
4.488678843859129075e-01 2.352426101381278389e+00
4.539218775822030927e-01 2.369634916945901004e+00
4.425859333040159105e-01 2.344129159378244953e+00
4.606636378032061829e-01 2.376759818896867937e+00
4.511142414390622024e-01 2.374205854923997716e+00
4.529804407089142448e-01 2.360475442360591369e+00
4.482003633701366341e-01 2.359862018526226457e+00
4.423701903620335107e-01 2.364660206754680694e+00
4.583892243999406757e-01 2.358547348723589288e+00
4.576471404273315113e-01 2.354939431400256300e+00
4.464944713867784465e-01 2.363088545029192300e+00
4.574419998447732949e-01 2.381083270799127405e+00
4.486859014985943306e-01 2.368963838994230464e+00
4.526535078664512546e-01 2.369095941965025265e+00
4.523381104835368371e-01 2.362290404499374219e+00
4.587957412517443267e-01 2.353903786222275585e+00
4.521684052332213266e-01 2.355319047581152070e+00
4.569723894579443835e-01 2.352981695123863570e+00
4.393839802580268294e-01 2.359092600566204734e+00
4.646363564628312459e-01 2.354398749298512783e+00
4.626043507082436279e-01 2.333234811124927699e+00
4.502315451910521849e-01 2.347414001332308597e+00
4.503802693549802671e-01 2.349841947714818691e+00
4.407862851538237869e-01 2.380626027187191074e+00
4.530511780264918076e-01 2.362557196862554942e+00
4.531605581506213398e-01 2.362439329778016628e+00
4.486101614693436823e-01 2.348833284634176177e+00
4.548354359091653087e-01 2.372141855499943386e+00
4.480676606965979802e-01 2.368964561548621450e+00
4.437589608112118555e-01 2.386042112297304563e+00
4.478868012086697492e-01 2.357527423176790649e+00
4.501338362829752637e-01 2.352388647016357304e+00
4.517279852476127067e-01 2.364039591939810947e+00
4.464949805014371553e-01 2.356410698735761589e+00
4.531448607996254596e-01 2.370141518945104053e+00
4.539311337078420494e-01 2.375457798989296432e+00
4.521391988555095720e-01 2.362521775235202348e+00
4.486170013152569469e-01 2.346736855627658880e+00
4.514251069350109224e-01 2.367776305328865405e+00
4.467662808681118758e-01 2.377696792430321615e+00
4.323853926028980443e-01 2.362838870246024126e+00
4.512218610407677799e-01 2.372092047624883460e+00
4.505036900873282679e-01 2.360194986281986207e+00
4.439794546084094296e-01 2.368313892234956697e+00
4.609207801915482516e-01 2.370243467804736603e+00
4.418767004033151147e-01 2.369696682536226451e+00
4.503490004224024457e-01 2.346200113628393424e+00
4.471002655847667873e-01 2.356117175220209692e+00
4.600197393414679481e-01 2.372711177813920269e+00
4.531244063948725032e-01 2.362550818850757128e+00
4.493816634730717352e-01 2.329017036445915512e+00
4.612144317384090919e-01 2.372801992359126810e+00
4.520059907984297354e-01 2.369585916224925981e+00
4.526897614732567354e-01 2.376632354402775427e+00
4.482329124763883010e-01 2.361722404685945076e+00
4.459973896016655726e-01 2.370795050175658947e+00
4.620396907070335457e-01 2.357716938722968170e+00
4.609076679449916059e-01 2.354524079769859224e+00
4.622162156781696174e-01 2.375358727658988478e+00
4.453594301636799035e-01 2.354292836569807257e+00
4.541693433755973341e-01 2.359232106139215634e+00
4.607984570016341319e-01 2.356947545044449921e+00
4.559541902862514484e-01 2.353709972553183150e+00
4.444814064204686277e-01 2.353915260130567955e+00
4.572391379896219021e-01 2.350697422881349308e+00
4.442567843811899841e-01 2.368984085880078361e+00
4.521594012857572675e-01 2.362116644321489378e+00
4.379583723817795371e-01 2.370871561398567362e+00
4.438028346024457393e-01 2.380709728816177595e+00
4.418430627146457956e-01 2.375168003476840539e+00
4.531664350120101492e-01 2.375848326725179760e+00
4.463802334991919807e-01 2.374211328604038052e+00
4.502024694051861564e-01 2.356006417227972882e+00
4.414853748288152802e-01 2.366649734048507980e+00
4.470698907310615144e-01 2.348364344036125484e+00
4.440258884914837223e-01 2.368964969627751493e+00
4.555198592567626936e-01 2.356631167468060450e+00
4.526822296189675909e-01 2.364653633330497495e+00
4.459358064252425535e-01 2.385283912788482397e+00
4.510013197158119769e-01 2.365391984388397706e+00
4.654655118036106765e-01 2.379709700307763853e+00
4.549850750829985135e-01 2.358066059977051321e+00
4.451498591449178921e-01 2.380607188728076640e+00
4.546753853117695421e-01 2.351317865293025999e+00
4.480233494330325139e-01 2.371934711566926701e+00
4.580927447061265978e-01 2.374713305608188385e+00
4.495599604905146651e-01 2.353773643296625639e+00
4.417996182000606398e-01 2.375197784899656384e+00
4.536074679576183044e-01 2.349195795522830643e+00
4.483087433587182868e-01 2.360457484901658631e+00
4.489101919852760969e-01 2.360676888683671759e+00
4.563440971524082568e-01 2.355844591341643035e+00
4.487439440564400805e-01 2.344692337948015126e+00
4.615789201937692821e-01 2.361251976077530568e+00
4.630416131881637809e-01 2.356402060998211923e+00
4.512175154372392583e-01 2.361314460307927021e+00
4.526795444126629486e-01 2.361627240049150256e+00
4.412245767816899700e-01 2.384219758254916055e+00
4.445088114654466294e-01 2.362758487099455795e+00
4.492507616316375185e-01 2.370587054286864781e+00
4.457421380211704087e-01 2.364463724634546349e+00
4.499764615352301322e-01 2.352973401307485446e+00
4.476865912466650999e-01 2.356714598252592552e+00
4.529639715997146321e-01 2.368162933843999340e+00
4.480257470941026443e-01 2.357662210511290546e+00
4.410608075327048794e-01 2.362087793383534251e+00
4.437221841940774958e-01 2.377858278900110811e+00
4.520251565263939675e-01 2.370602627921915229e+00
4.410319850332232727e-01 2.363852522387301924e+00
4.437366801883451672e-01 2.361691953194490434e+00
4.572674888549436711e-01 2.356543416638168686e+00
4.466645052556054152e-01 2.355071253832206501e+00
4.512064942017801616e-01 2.356241886970781518e+00
4.494446841513519697e-01 2.363104111361997717e+00
4.499831216914384480e-01 2.344454272440289699e+00
4.591480392022950774e-01 2.369856491475800464e+00
4.646053848012738907e-01 2.350128653773859266e+00
4.618887098592066587e-01 2.377162753589729505e+00
4.559740086786573943e-01 2.360296843486366480e+00
4.451475792627808681e-01 2.370712557100185691e+00
4.426208900881415942e-01 2.359859059469513465e+00
4.488258917970474049e-01 2.377635145733904665e+00
4.572628850725095062e-01 2.358345455127897949e+00
4.492501708724865317e-01 2.364186538294082762e+00
4.484758274634531583e-01 2.338760927542656187e+00
4.575603117945916121e-01 2.372058160999772625e+00
4.588371019534094319e-01 2.344180411909798423e+00
4.545882337095946135e-01 2.359364887407374045e+00
4.518891527851557899e-01 2.351874996977436627e+00
4.388438429351950165e-01 2.367534268796163133e+00
4.634578473499276208e-01 2.340559151640118074e+00
4.552398423739680844e-01 2.364798561890842254e+00
4.510722961551095200e-01 2.361544015159703136e+00
4.570989817994226545e-01 2.366231552877288813e+00
4.545628424763979991e-01 2.366881745091131251e+00
4.508889434487531322e-01 2.351096372979821325e+00
4.544007117618578673e-01 2.348069412741546014e+00
4.580693901798802425e-01 2.369291529220225900e+00
4.448727430690191387e-01 2.357836161747438819e+00
4.530604784052543743e-01 2.377972218132522908e+00
4.444109204364104504e-01 2.358190036081229124e+00
4.507086754517306004e-01 2.360847846307901232e+00
4.533576188201352553e-01 2.360350201136593995e+00
4.488485461886533856e-01 2.349837758554679912e+00
4.476064477436715872e-01 2.357463817038153220e+00
4.592524956284918525e-01 2.352689507917645972e+00
4.570269545002694778e-01 2.348328575909856664e+00
4.554982421276511095e-01 2.359695450468989097e+00
4.520421772736274990e-01 2.360198897589000921e+00
4.589232697510519099e-01 2.363609721644389872e+00
4.505179142093591604e-01 2.369795020672203378e+00
4.581192138927084323e-01 2.380467071994185613e+00
4.432524161458112899e-01 2.371679413716078155e+00
4.537994190655690874e-01 2.366064514650553008e+00
4.441780758517050454e-01 2.361744479914227757e+00
4.530375236641471792e-01 2.364559803767753987e+00
4.371522868134880002e-01 2.356285174541435268e+00
4.536353096042746169e-01 2.357143606645639711e+00
4.371155253098414351e-01 2.375620276388946461e+00
4.523891185640084855e-01 2.357829018576351743e+00
4.414184170010183594e-01 2.353556634098711964e+00
4.533585654936924669e-01 2.352834508084499454e+00
4.573126370710902111e-01 2.356790599340070624e+00
4.518536547051509866e-01 2.367685079435984274e+00
4.501257734744188443e-01 2.350080072721251412e+00
4.429200330205370073e-01 2.359404480027466278e+00
4.554453648487030715e-01 2.360215584732538119e+00
4.515617609325373594e-01 2.383853836936679738e+00
4.532926259117329715e-01 2.359679768958974577e+00
4.478094433564390187e-01 2.370603361338760706e+00
4.360116372679793129e-01 2.370928129239250559e+00
4.554984941579686142e-01 2.366126772535570577e+00
4.469974730496706905e-01 2.372206555519124294e+00
4.451659322877992708e-01 2.365117332382628224e+00
4.519212343562756806e-01 2.353606089230940945e+00
4.436534226044039908e-01 2.383524988815504120e+00
4.426431037154055503e-01 2.335893571090336795e+00
4.610652807169222100e-01 2.355351696880847889e+00
4.487246838802408377e-01 2.362214670169391351e+00
4.438205233211475198e-01 2.372270690655988279e+00
4.516315351701962189e-01 2.362801819576365148e+00
4.463706945316539554e-01 2.383421433311365689e+00
4.463370529672110454e-01 2.344808179412274818e+00
4.535633035146968139e-01 2.353500089747059487e+00
4.473910290711921589e-01 2.371732968389498097e+00
4.578319696341439649e-01 2.359517389986905300e+00
4.559032420625487858e-01 2.362558014401262341e+00
4.538347492489064883e-01 2.357622955746796478e+00
4.533635594783694822e-01 2.358482692168192507e+00
4.362063633673793350e-01 2.367939826874276843e+00
4.500671722994244450e-01 2.362979938490205267e+00
4.561322146344329309e-01 2.356083657033448908e+00
4.476863758462068521e-01 2.364071859029744704e+00
4.437463761778940308e-01 2.351928281696942236e+00
4.540387402260483429e-01 2.340815680994119852e+00
4.442923605862479919e-01 2.348416555688045637e+00
4.497866051096188755e-01 2.384866389678486964e+00
4.441322409312382091e-01 2.378134269965971104e+00
4.488548139592594688e-01 2.332167121541593779e+00
4.518281808701142821e-01 2.350474038453858050e+00
4.481429226473772065e-01 2.375764878117282652e+00
4.622988464437294831e-01 2.352650053114466289e+00
4.487610370276179927e-01 2.365115869195198339e+00
4.548200532864816736e-01 2.359327099042313414e+00
4.549033348319491132e-01 2.348700305831176394e+00
4.621367725281322336e-01 2.382050660819001298e+00
4.425225397518723902e-01 2.367177805901578225e+00
4.459609696256108813e-01 2.357372296691872648e+00
4.449262381563695579e-01 2.366972443239411916e+00
4.451011936733899055e-01 2.365222472420868804e+00
4.603844692975567754e-01 2.371317389754886928e+00
4.530395839634702715e-01 2.322440783301561229e+00
4.516918132508286887e-01 2.369462144971027140e+00
4.462561759349187862e-01 2.365136412338010086e+00
4.481445994412156519e-01 2.363305462958204206e+00
4.640320562289289574e-01 2.357006249681914856e+00
4.564020252916069498e-01 2.342365704882538147e+00
4.641229954095776322e-01 2.360763366438366706e+00
4.532865851951878300e-01 2.362482462651355419e+00
4.620337327738514577e-01 2.340284047066125250e+00
4.493412863716386152e-01 2.364575547039790226e+00
4.435759210628458238e-01 2.375628055349987111e+00
4.507324497781038386e-01 2.361807424053874449e+00
4.487669858313615423e-01 2.365945573175680217e+00
4.613245707624972214e-01 2.360852768677538460e+00
4.590657580315303243e-01 2.356448022516880236e+00
4.391099369540364949e-01 2.375455471733839641e+00
4.417691066742421846e-01 2.342412998020114046e+00
4.487609341234248816e-01 2.364821306348834806e+00
4.512495713066937419e-01 2.359291815706594075e+00
4.579885997503130857e-01 2.377045715147582783e+00
4.434042564651883289e-01 2.365040646489418474e+00
4.527509659190492863e-01 2.362986620299094565e+00
4.503693953372274184e-01 2.374923156342969577e+00
4.495019443042879148e-01 2.351744639585620078e+00
4.424088284583291286e-01 2.369923129889991209e+00
4.621598601831091169e-01 2.367793878839614674e+00
4.659902945920176842e-01 2.338364404318129974e+00
4.554551222205424632e-01 2.355134907801963440e+00
4.433703250245022431e-01 2.363951507845128752e+00
4.585655978765644791e-01 2.357648723013245906e+00
4.454590589295060465e-01 2.365820232693558456e+00
4.599069539212636282e-01 2.352491988849003679e+00
4.622304261832110295e-01 2.347613675574294678e+00
4.515337975516156566e-01 2.354605713717484505e+00
4.561558619769759404e-01 2.356076409589934695e+00
4.497985490741283066e-01 2.353329838031076093e+00
4.496509122100986744e-01 2.358440634210583919e+00
4.507004554852758749e-01 2.363111310921837571e+00
4.511433899577970141e-01 2.357826118349004130e+00
4.469769287621218612e-01 2.371388243741627821e+00
4.437858717184570700e-01 2.379049621796777370e+00
4.482472486007529344e-01 2.359913731044709362e+00
4.445169767045725751e-01 2.362272308216144090e+00
4.431762480443291463e-01 2.367500835288486538e+00
4.523177318997410601e-01 2.370780891738028195e+00
4.541200817179057436e-01 2.373359464298633537e+00
4.503131462951350250e-01 2.389107901629146546e+00
4.504386009494712462e-01 2.357058916791745951e+00
4.433227898027266023e-01 2.376794028669520387e+00
4.542567918616667311e-01 2.359198138759557306e+00
