4.473574095721936095e-01 2.379355182192619544e+00
4.528756928637002743e-01 2.357798796166700406e+00
4.445597224337086151e-01 2.388155202677221034e+00
4.480065032012890414e-01 2.382228633986595678e+00
4.554334116223525131e-01 2.353415626822962903e+00
4.530292610514765617e-01 2.365451589947383582e+00
4.504203958017865550e-01 2.356754902911235128e+00
4.487450056493353934e-01 2.349695861034351019e+00
4.510536822392539613e-01 2.360965381048829581e+00
4.424730374885215700e-01 2.378427697712867328e+00
4.515400351054528749e-01 2.369587201462292292e+00
4.451705443984892985e-01 2.360235590975038988e+00
4.412431748744691795e-01 2.363030303492021478e+00
4.482039922893847339e-01 2.361141895344237795e+00
4.461066195758855990e-01 2.366506406380818994e+00
4.552881156443920330e-01 2.369299253067024047e+00
4.450664182124458579e-01 2.363951110079711260e+00
4.526281276862267888e-01 2.381672903437281885e+00
4.493500205770587508e-01 2.365241576627683973e+00
4.492106634321611502e-01 2.377655528158765907e+00
4.532729376610801220e-01 2.371401917342855992e+00
4.571088780214692115e-01 2.366890531766334238e+00
4.366002496208620798e-01 2.380852656564068859e+00
4.395185452832737760e-01 2.374160922006963492e+00
4.495914692086164233e-01 2.371368210943540333e+00
4.477254525756724224e-01 2.390301868182876710e+00
4.522722524383914755e-01 2.375192636293478543e+00
4.589687934356846410e-01 2.376945482825631561e+00
4.600192809315023501e-01 2.364617154323448656e+00
4.458301252707804196e-01 2.375810445223325740e+00
4.548561494463047583e-01 2.353094643186822932e+00
4.474382256546837744e-01 2.369320017180152949e+00
4.440383569570564015e-01 2.364092781665874110e+00
4.455751853671606755e-01 2.370342286793307718e+00
4.435433293329915094e-01 2.378258568625126745e+00
4.518027636602811592e-01 2.376132048654844731e+00
4.534841410016044461e-01 2.372538119961550951e+00
4.510410977959616319e-01 2.366032281561674999e+00
4.435783908736828374e-01 2.381865092688753016e+00
4.421081153229384775e-01 2.361440610530268103e+00
4.511095544864998086e-01 2.372894643748255206e+00
4.461181128938006557e-01 2.368881075524971180e+00
4.501348139861366948e-01 2.365329500045544098e+00
4.433370478781962776e-01 2.375445977355913563e+00
4.558939756329171700e-01 2.368109718792367868e+00
4.547783696364522399e-01 2.366210134195283921e+00
4.622095054075569531e-01 2.366299347600965497e+00
4.516707736488557168e-01 2.357063717916803025e+00
4.533816791168903126e-01 2.344791681303976194e+00
4.500467992793851790e-01 2.372448431660373558e+00
4.566439687739684006e-01 2.363960079920376600e+00
4.545972725846273987e-01 2.349199921671168756e+00
4.498607867293401008e-01 2.363977174018595306e+00
4.589565586000574626e-01 2.373579124700805121e+00
4.576291733232302761e-01 2.363702446259681178e+00
4.520750759506894090e-01 2.368290143779422596e+00
4.469663739820960990e-01 2.355221876084252930e+00
4.375607082835861195e-01 2.362000288472124065e+00
4.478418353154729470e-01 2.373091020176864685e+00
4.453998564320971187e-01 2.363000172523523901e+00
4.524433529532320142e-01 2.348830930707859643e+00
4.534273007921336140e-01 2.360903986040302716e+00
4.431634614269037709e-01 2.356904055260436781e+00
4.469674851827744599e-01 2.353243308855679228e+00
4.411228557637844605e-01 2.380545780841448078e+00
4.488973722340639516e-01 2.355860296310839264e+00
4.409161182049960437e-01 2.365242006915459161e+00
4.460082779325558189e-01 2.371213208922006377e+00
4.522632278857777743e-01 2.350807353563430180e+00
4.549270816523663385e-01 2.356876957797305217e+00
4.546998715144198733e-01 2.365680043328876270e+00
4.480314596236238400e-01 2.372089453367173917e+00
4.465965246503233455e-01 2.371082827205415633e+00
4.515574806211271053e-01 2.386901374005658827e+00
4.522553615157685059e-01 2.369298522147063935e+00
4.460727160440445815e-01 2.359335208833400976e+00
4.538909940113044494e-01 2.369828171102315029e+00
4.481167487855055587e-01 2.372738122963197860e+00
4.505722524719726896e-01 2.371032516462021178e+00
4.573050160999705960e-01 2.355867435338055316e+00
4.473303470119944225e-01 2.372964770138609403e+00
4.607095019550472292e-01 2.357918759855157198e+00
4.535085767582964222e-01 2.367717140872659609e+00
4.418812591055402139e-01 2.375953542180611500e+00
4.420565961333232097e-01 2.388615488134124831e+00
4.467971752711403233e-01 2.358240059049603321e+00
4.475578722818836508e-01 2.370336912691690667e+00
4.436710609400219552e-01 2.367206462887587293e+00
4.608556098021130976e-01 2.344999971382223158e+00
4.637759531526534085e-01 2.375591229280415995e+00
4.623521223466818819e-01 2.363284983187979194e+00
4.439184082451991809e-01 2.368850190971366398e+00
4.601896143417265606e-01 2.366338757264034420e+00
4.427691799352032054e-01 2.367891115879614983e+00
4.504448824737773416e-01 2.371804244413687091e+00
4.594852647510684895e-01 2.353068716821501649e+00
4.599253341934271266e-01 2.355534815206430377e+00
4.538465172797313540e-01 2.360300786726741151e+00
4.536713393808600170e-01 2.366062739178586671e+00
4.466105681075418499e-01 2.381401165128666175e+00
4.495358229863112842e-01 2.375613304583499286e+00
4.539083749723355488e-01 2.360376270087516826e+00
4.459904572718923488e-01 2.390836485884614948e+00
4.482240912111080666e-01 2.380444616496750765e+00
4.552937154120909047e-01 2.350951508225769260e+00
4.525698794695888205e-01 2.363200068008703525e+00
4.510099580294503196e-01 2.354982886675215603e+00
4.496253983261114806e-01 2.349032844508733842e+00
4.510034107090676869e-01 2.357446424564626497e+00
4.420508569123586251e-01 2.377869127757763046e+00
4.513169957783650932e-01 2.369611500387263092e+00
4.459001207386472099e-01 2.359301984568028754e+00
4.420701180019448451e-01 2.358053635811736548e+00
4.501694885888912201e-01 2.356330272866962616e+00
4.477906736777442220e-01 2.363810935723958284e+00
4.560633490608265173e-01 2.366281427770525525e+00
4.487046400366713206e-01 2.361063934932504882e+00
4.544334935153025445e-01 2.379589063129295301e+00
4.518283141658720470e-01 2.358652481413467950e+00
4.502152531815618031e-01 2.374948377986695558e+00
4.556409796178260696e-01 2.364757820921326470e+00
4.568905336666543859e-01 2.371005158975868277e+00
4.371493410980242245e-01 2.380472703169960180e+00
4.405947441821352895e-01 2.375685257019005014e+00
4.515814718494669533e-01 2.366584512051785882e+00
4.464269457171244904e-01 2.393085607672059023e+00
4.545158863611812872e-01 2.374099231811872546e+00
4.602620727350892893e-01 2.372890095573859437e+00
4.593770795179333843e-01 2.364854719524688065e+00
4.468002801308572081e-01 2.372411374442425114e+00
4.538129452358565241e-01 2.351695848213704032e+00
4.490242336141822554e-01 2.367397010301467652e+00
4.452867166668060261e-01 2.360391563506190504e+00
4.472958670230534617e-01 2.370504551667291793e+00
4.433570154242970629e-01 2.381394734592500395e+00
4.516803899513229803e-01 2.374189410222609542e+00
4.526456142691955842e-01 2.372145200515087815e+00
4.512955619562751264e-01 2.365507614563630678e+00
4.431881292665407757e-01 2.382166718451432352e+00
4.435243491829126694e-01 2.357790407395710552e+00
4.510105046503189996e-01 2.371634040567470514e+00
4.461894101525596956e-01 2.366550056917792855e+00
4.515364491687882675e-01 2.363264842780671948e+00
4.449352081518787583e-01 2.369118548198965613e+00
4.552980561128232573e-01 2.371444039922242730e+00
4.556198008914133513e-01 2.364121456191539572e+00
4.624958302122428866e-01 2.366052963093167705e+00
4.540855095641574413e-01 2.352739885276510901e+00
4.550148257574971877e-01 2.343806693727729318e+00
4.512529165721791968e-01 2.368800253445584758e+00
4.574122397593951561e-01 2.364081944117414125e+00
4.539081703984504945e-01 2.344764758478879774e+00
4.518484415867870529e-01 2.360886731898950597e+00
4.594776774836250022e-01 2.370972611410213648e+00
4.560390494436856734e-01 2.363894742971445417e+00
4.544926181563596068e-01 2.361823857982382702e+00
4.478150647062842382e-01 2.354900749362403900e+00
4.352423406255964133e-01 2.363503686871161857e+00
4.476036318179587026e-01 2.373855914521846078e+00
4.455403771715878425e-01 2.360824567523708062e+00
4.524764650405076472e-01 2.348930699453724014e+00
4.531295540837904645e-01 2.362789749852769017e+00
4.435391937321214728e-01 2.356232687733590403e+00
4.475474435964948983e-01 2.351868722611188289e+00
4.396926888218178897e-01 2.378579650957379332e+00
4.480560899296493482e-01 2.357276675000009813e+00
4.420386863331906002e-01 2.360372934987339466e+00
4.465901427205301588e-01 2.370507716178592350e+00
4.534972513191212751e-01 2.349756148988083382e+00
4.558146332537668100e-01 2.359236848077989723e+00
4.571257465065985404e-01 2.364031598444014115e+00
4.475893934750765357e-01 2.369572073226319908e+00
4.495828862101221568e-01 2.369247512036964043e+00
4.514961645134374368e-01 2.384815180552152469e+00
4.535818292991430911e-01 2.363577633174916759e+00
4.460020215074103067e-01 2.356350517068318773e+00
4.547767251399451593e-01 2.367061443366554219e+00
4.487607153360844148e-01 2.368523474246924554e+00
4.494417535862267332e-01 2.369569142483509250e+00
4.576848413129744886e-01 2.351906649761561496e+00
4.473350200547411837e-01 2.371679438720071253e+00
4.602597411131433280e-01 2.358686201414475825e+00
4.551045929959079417e-01 2.366811874203744281e+00
4.430107445204936600e-01 2.370746770538499693e+00
4.412590321747247857e-01 2.386630910084917900e+00
4.482973718877462654e-01 2.352334404675778146e+00
4.494094820848027472e-01 2.370790215328287598e+00
4.429834082889433367e-01 2.364161340636445452e+00
4.614152955828410563e-01 2.343348156609649457e+00
4.629411158256202530e-01 2.374903797736992228e+00
4.640408548131519373e-01 2.355829388108876987e+00
4.429597804864884858e-01 2.371359946989159528e+00
4.605533372095104716e-01 2.365175518835817225e+00
4.432780672459847859e-01 2.364965744318617613e+00
4.504233419087922408e-01 2.371548441509787608e+00
4.603591448937452979e-01 2.350938854777889997e+00
4.596888797798586723e-01 2.356516647135650899e+00
4.569773599879293768e-01 2.354858211652455680e+00
4.536276180475296016e-01 2.363942353415192876e+00
4.449904536116230935e-01 2.379816435412012599e+00
4.506792659666210010e-01 2.369731435999233859e+00
4.588442785597924845e-01 2.350861431824286196e+00
4.511683068684400055e-01 2.379153437674447424e+00
4.529930807489663258e-01 2.368840741607972422e+00
4.577619803828557599e-01 2.344369937547298388e+00
4.558056916550792814e-01 2.360434278672446151e+00
4.531325703794225057e-01 2.349216792845785662e+00
4.527850778326402703e-01 2.340214667824712880e+00
4.536441459266184473e-01 2.348078502253870603e+00
4.461153029050007879e-01 2.369184835269269485e+00
4.538296212960576947e-01 2.362199101004164081e+00
4.493958255645169042e-01 2.351083741880481082e+00
4.432885626324780115e-01 2.353019734252457695e+00
4.520057070874307636e-01 2.350440921944150219e+00
4.508677723532493187e-01 2.351715621577567639e+00
4.601715363151925864e-01 2.356799947479918611e+00
4.502718673662010063e-01 2.352128062243989071e+00
4.581296458393090965e-01 2.372768842428468083e+00
4.553031807449381407e-01 2.351672712309129221e+00
4.521465368696524489e-01 2.369217425488384876e+00
4.559957530208571530e-01 2.361135963151948847e+00
4.612188136886041234e-01 2.356587205238629412e+00
4.421609749354687424e-01 2.368814432459000585e+00
4.437254735515555604e-01 2.364009827275597164e+00
4.551539741949887086e-01 2.355899793816828236e+00
4.493499316617079464e-01 2.382439383215887663e+00
4.588855275270944389e-01 2.365232614411771017e+00
4.631720236878789088e-01 2.364143027917304796e+00
4.633625368172310521e-01 2.359219263594205973e+00
4.491298564225082446e-01 2.367088643442899709e+00
4.572896741302768242e-01 2.342235760870223782e+00
4.520013055405991409e-01 2.360382616126748268e+00
4.476310218896978332e-01 2.353035004947027886e+00
4.505207245634984536e-01 2.357829598339130417e+00
4.446310192225931268e-01 2.373459829350746286e+00
4.564018534519092007e-01 2.363813506348269922e+00
4.558106566919865599e-01 2.365020524371349797e+00
4.542098571925365924e-01 2.356752413050504646e+00
4.480368275286261137e-01 2.374891370923136069e+00
4.458078031472131886e-01 2.351289783516856247e+00
4.547191936119197031e-01 2.360195974195823165e+00
4.512769797082197276e-01 2.356698130518060541e+00
4.532900040105052319e-01 2.358041507004307480e+00
4.491864051199312424e-01 2.359857265499085255e+00
4.579251196751806807e-01 2.359450200138656140e+00
4.604452032111961968e-01 2.352891719588602992e+00
4.636556711001586506e-01 2.361576975854277727e+00
4.566687392987584526e-01 2.346096779176807701e+00
4.571623454459962099e-01 2.339126277371111229e+00
4.551763117501288480e-01 2.361219608120514124e+00
4.606679213306020260e-01 2.352765733092252010e+00
4.578728357573433327e-01 2.341134572270936687e+00
4.521621534994573199e-01 2.357214588360663665e+00
4.621095124165209289e-01 2.363931936618945517e+00
4.615309355071933184e-01 2.350945096160649506e+00
4.580296552505721541e-01 2.357040961860224382e+00
4.500692627852587169e-01 2.347363418275486335e+00
4.423334708513529945e-01 2.350904937008796658e+00
4.508454064109477799e-01 2.362877396503474614e+00
4.476551478416470053e-01 2.353637721926943538e+00
4.563343060654223016e-01 2.336123808966823034e+00
4.541762328496564138e-01 2.355125058794104831e+00
4.494535939129999380e-01 2.345875279879755748e+00
4.503270267193006937e-01 2.343595782106501435e+00
4.442207475181735310e-01 2.370218641882320121e+00
4.510711573957407738e-01 2.345628511919572556e+00
4.459493207785173996e-01 2.354290905558023894e+00
4.501564418084434416e-01 2.361458708860039390e+00
4.563634490909815877e-01 2.343793507426793710e+00
4.606304705366867647e-01 2.351765215950686549e+00
4.588358280933953481e-01 2.354526877890998904e+00
4.523762023513868691e-01 2.359020176109027922e+00
4.504893086496017940e-01 2.363041613829170551e+00
4.543003003555460828e-01 2.376936372183143575e+00
4.560289945409370382e-01 2.355708824495771125e+00
4.511063317255031291e-01 2.345249203682497452e+00
4.572676989504399492e-01 2.357417310450049541e+00
4.508731941870828264e-01 2.357914846948496734e+00
4.517501630550962988e-01 2.362641162287783647e+00
4.611898013802209206e-01 2.346376904800817620e+00
4.522013128865640663e-01 2.360827776934665945e+00
4.641449187711782498e-01 2.348592311835077773e+00
4.561066861016054297e-01 2.361369908704590070e+00
4.483632178976765803e-01 2.360996185711213169e+00
4.459944080439919856e-01 2.378224058938160468e+00
4.495582175555667970e-01 2.345207871437024139e+00
4.512984233538956391e-01 2.363185986336203470e+00
4.465616123914861180e-01 2.359849794129029288e+00
4.644856846524143545e-01 2.335300383767938914e+00
4.672909637880144906e-01 2.367328672028234937e+00
4.649122710436548456e-01 2.351298144182051519e+00
4.472765360459962647e-01 2.361742628524574172e+00
4.648229249489834736e-01 2.354047600216707892e+00
4.470416927652358097e-01 2.358030730222321569e+00
4.539774631306290886e-01 2.364113856776242084e+00
4.651798173815127613e-01 2.339196115823041655e+00
4.611539518162172113e-01 2.346921322636504659e+00
4.602965638027320394e-01 2.345865769837735204e+00
4.576375597043707000e-01 2.356771345112559146e+00
4.494634248460767090e-01 2.373522648246919609e+00
4.502161100130010474e-01 2.374234250095054843e+00
4.556010172744685005e-01 2.356625452388678266e+00
4.471607956892219571e-01 2.384645680971293924e+00
4.489344805733572197e-01 2.380813304064373970e+00
4.576877961835531528e-01 2.347923454082761374e+00
4.542130015659560094e-01 2.363324047491883295e+00
4.513045371017077034e-01 2.356265639976485637e+00
4.511049899969815646e-01 2.347791610190220091e+00
4.507067571709559850e-01 2.354000974279735647e+00
4.435684267978429185e-01 2.376038875372977532e+00
4.526219237790414240e-01 2.368259446000720025e+00
4.485238366274277300e-01 2.354674876384650783e+00
4.437667676565266728e-01 2.358841696831949442e+00
4.509207815037976630e-01 2.354417396070243917e+00
4.482890823257097423e-01 2.359053853432488967e+00
4.560866990360583628e-01 2.364740881469518108e+00
4.475168965108581309e-01 2.360923233990376957e+00
4.547012444640886608e-01 2.378032673234377281e+00
4.519584733514526165e-01 2.357236923954544761e+00
4.494727967909480371e-01 2.372783523688804852e+00
4.547994622306089640e-01 2.366473247012031322e+00
4.573452020670676910e-01 2.365057324200288136e+00
4.391466497419064807e-01 2.375578060030612892e+00
4.406864559094662570e-01 2.374713777851193974e+00
4.510419216034314283e-01 2.363454687062409576e+00
4.493274596564419410e-01 2.386031533116871106e+00
4.547916188921943825e-01 2.370811250259320602e+00
4.599162017575891825e-01 2.372114483272354857e+00
4.605719544320806547e-01 2.362350179376493831e+00
4.460134607520495065e-01 2.369186027110017356e+00
4.549967907600501182e-01 2.347640534216897112e+00
4.489327011690047442e-01 2.366326839534821591e+00
4.474355843843353941e-01 2.353657850595874290e+00
4.487422540139565652e-01 2.367105862212627976e+00
4.447579009383137993e-01 2.377091497942899423e+00
4.533836392736890208e-01 2.369742624976615808e+00
4.534804352858443632e-01 2.369728360911776299e+00
4.529759640324347303e-01 2.361857866253783911e+00
4.458277063583804822e-01 2.377000816444985620e+00
4.444782114646020355e-01 2.354761101301025672e+00
4.508764392320498415e-01 2.366338860257845234e+00
4.491481267706969316e-01 2.362705712036490269e+00
4.544384784066778926e-01 2.361602208001790881e+00
4.445880084811710820e-01 2.368151317027668679e+00
4.580690179489720348e-01 2.363996370339362052e+00
4.579174822120752886e-01 2.359261207461439636e+00
4.624292274983181072e-01 2.365992496166089420e+00
4.551900732116023751e-01 2.353711611768479095e+00
4.553508344664015106e-01 2.342692172474470702e+00
4.514142674859773496e-01 2.369411969209311852e+00
4.574297425091373159e-01 2.357418069319821008e+00
4.550432518336496868e-01 2.344462220213205939e+00
4.511533421329266824e-01 2.359666102635858298e+00
4.591123273263730820e-01 2.371334130947869046e+00
4.588582672984856115e-01 2.356257473363654320e+00
4.556334418148557108e-01 2.362649960146731676e+00
4.457505268248197483e-01 2.354949214858355067e+00
4.374888790493146051e-01 2.362013803030045267e+00
4.484763805198458964e-01 2.370041318940492303e+00
4.452751752246149608e-01 2.357756174480839739e+00
4.549249922485941733e-01 2.344413303634726109e+00
4.539216210172343779e-01 2.360125958300840487e+00
4.455266775536905199e-01 2.349829942166122621e+00
4.475738300681688098e-01 2.350623228053274616e+00
4.418879033536336487e-01 2.379621864529303021e+00
4.495714754134857993e-01 2.352966888926574907e+00
4.447794176695927248e-01 2.361693741189986984e+00
4.450976504624163943e-01 2.369182414986435337e+00
4.547118271843475501e-01 2.348545906917058002e+00
4.566146838663179830e-01 2.356428975670089798e+00
4.571228887310328504e-01 2.359124037550908159e+00
4.483965599809510150e-01 2.369149843034738634e+00
4.477710841982855405e-01 2.371060161681552980e+00
4.509373930849678302e-01 2.385105288109587995e+00
4.539053321095733451e-01 2.361126305785177681e+00
4.458327915195667845e-01 2.356568841855928742e+00
4.542350080826918490e-01 2.364191945990069765e+00
4.491977434551320258e-01 2.361985387178933138e+00
4.501776561498703200e-01 2.367927735832692004e+00
4.588081249106698012e-01 2.351865502948162323e+00
4.494760149826840245e-01 2.364956497187218787e+00
4.625483455457499726e-01 2.355015445264353691e+00
4.541238396352902384e-01 2.367118127282547224e+00
4.450071364366057769e-01 2.366859623579738336e+00
4.409193423843864590e-01 2.385437373972762121e+00
4.473249373583369493e-01 2.352734271611337746e+00
4.485594860933678207e-01 2.368418383619831147e+00
4.449820273803589687e-01 2.365961946321332388e+00
4.638452243871118430e-01 2.340901437369371063e+00
4.646156027910015029e-01 2.368290245742342037e+00
4.644345242630338322e-01 2.355962962641288350e+00
4.442045041798550198e-01 2.365205820346439669e+00
4.608196738268069415e-01 2.361754970374786655e+00
4.449152865646920363e-01 2.363585030578691626e+00
4.525027920723473929e-01 2.371516806255950183e+00
4.618710451475622203e-01 2.349441543591610504e+00
4.609452423171463975e-01 2.350648796491996428e+00
4.572350033221214693e-01 2.353384676187585178e+00
4.540290037964315739e-01 2.361465045218129610e+00
4.465615447790843295e-01 2.379223341939249448e+00
4.514191245588098367e-01 2.371341059690246222e+00
4.562555397172732286e-01 2.355297096154467251e+00
4.474184115644327386e-01 2.379799835907681071e+00
4.511465072074717919e-01 2.376048264430796753e+00
4.583059142673018838e-01 2.347176641281393028e+00
4.555553336121154206e-01 2.364781116123018556e+00
4.521525410273740109e-01 2.353102434059074710e+00
4.518461982991799908e-01 2.342230151033733332e+00
4.544397868113366767e-01 2.350011619423437281e+00
4.442047312331053877e-01 2.372795858383379919e+00
4.541256616713426064e-01 2.365803791665517686e+00
4.495099963292720213e-01 2.351108729532135566e+00
4.441798731047971183e-01 2.357802874379641089e+00
4.532557543726059013e-01 2.351476684227893355e+00
4.486567423866585913e-01 2.359997507348245982e+00
4.574008091060448034e-01 2.360268259154989057e+00
4.475908188517546127e-01 2.358968101004550455e+00
4.546653287418899736e-01 2.373439102882302087e+00
4.523246222104815861e-01 2.356670909198481212e+00
4.516899298965081910e-01 2.371097781433104679e+00
4.557085667241665417e-01 2.365722996859958460e+00
4.599476583366030602e-01 2.361841733341090155e+00
4.393456473994897249e-01 2.372683060889768214e+00
4.431556566623224280e-01 2.368611152982766033e+00
4.545223430460901826e-01 2.361727898078037846e+00
4.496966662302303019e-01 2.383678321077084661e+00
4.573612389424431268e-01 2.367049067198943479e+00
4.619648940379700308e-01 2.369319265820713838e+00
4.610446187150087916e-01 2.357487506781845266e+00
4.481915197508541948e-01 2.368906547052012534e+00
4.569556675434028881e-01 2.345556179946324260e+00
4.501117390038062993e-01 2.364494850330966624e+00
4.471726510267686194e-01 2.355543380174610846e+00
4.477144101079494898e-01 2.363272470646121448e+00
4.453165235582887127e-01 2.375174793397726969e+00
4.552980010042721459e-01 2.367643594778814364e+00
4.538188043318173714e-01 2.367900315417636126e+00
4.533819942940336412e-01 2.359587728519081384e+00
4.480568487409355982e-01 2.375884806720736986e+00
4.445515856483692185e-01 2.352483149849160959e+00
4.528253338987655585e-01 2.368183668843884426e+00
4.499329855700827663e-01 2.360033557185472919e+00
4.542001320891756455e-01 2.357116479565052103e+00
4.478032813563329606e-01 2.363607473758161159e+00
4.559306803111857209e-01 2.365069332628248144e+00
4.587992131361134374e-01 2.359869509647571917e+00
4.643881563100242804e-01 2.362598190567745338e+00
4.550394468784239033e-01 2.351978320279978441e+00
4.569425484113051050e-01 2.338232293400038575e+00
4.525652853570997780e-01 2.365091261613023743e+00
4.606765867636580802e-01 2.358023310517312954e+00
4.569569460956960372e-01 2.341347189720594191e+00
4.520475391009610711e-01 2.356313301515623237e+00
4.591228319720779827e-01 2.368838002299329837e+00
4.589225807706606708e-01 2.360711753786281619e+00
4.563643185583259876e-01 2.356536596851197540e+00
4.492169062723849748e-01 2.350212183215221184e+00
4.405105922124598061e-01 2.355338478796851209e+00
4.507138734223730125e-01 2.366090691909402910e+00
4.477766289291226220e-01 2.354665801734452835e+00
4.540583706040919876e-01 2.344000220020447500e+00
4.550158272032757689e-01 2.355756105511133125e+00
4.473378369992960790e-01 2.350080782132071722e+00
4.486098311449887577e-01 2.345046313873398791e+00
4.443032506691410033e-01 2.372816767964475382e+00
4.516981750913971472e-01 2.350036605075770613e+00
4.440385419674040546e-01 2.359990710940774505e+00
4.487700487778447656e-01 2.365857724284275765e+00
4.534821016476410782e-01 2.345257622360451322e+00
4.576431176050540506e-01 2.353199667234454839e+00
4.589506479227497548e-01 2.356384346799957896e+00
4.507262247746358086e-01 2.364738761029201886e+00
4.507464889101770456e-01 2.365883577894710488e+00
4.533961363850949611e-01 2.381447144302366592e+00
4.549934312621518040e-01 2.361006991779448505e+00
4.467661388487031981e-01 2.353867765611442397e+00
4.558103117115123171e-01 2.362087327773322087e+00
4.496933185046207981e-01 2.362733247453585150e+00
4.504267394169141903e-01 2.362838289308641926e+00
4.612567917539620033e-01 2.348012592128045917e+00
4.500196949847456995e-01 2.365251852049586212e+00
4.625481394043186034e-01 2.354894299542884539e+00
4.571899381051831579e-01 2.364954027963377836e+00
4.453705388626760242e-01 2.366839221964190720e+00
4.437102156627026894e-01 2.383623928115139012e+00
4.500506199621056025e-01 2.347862885538267275e+00
4.515218564072675522e-01 2.365066387022439098e+00
4.458954624007047118e-01 2.362308189222498633e+00
4.646512300335782220e-01 2.338856868774309650e+00
4.657835030185655256e-01 2.369407182043789195e+00
4.656121085839459162e-01 2.351981169777066505e+00
4.441821433503194139e-01 2.366191860465923558e+00
4.609539228098787356e-01 2.362828912859546548e+00
4.450798379775131597e-01 2.363703361987395724e+00
4.549610872897152380e-01 2.366251852876909645e+00
4.623984428237843392e-01 2.349323151407457289e+00
4.613570463491820095e-01 2.347993084709347755e+00
4.582475571351546373e-01 2.354059354982819929e+00
4.570615438476733350e-01 2.356466252404159967e+00
4.479937442294572025e-01 2.375705409740783480e+00
