4.523284603117487257e-01 2.367897568079967208e+00
4.582065856295694517e-01 2.350695441429567989e+00
4.490577444661818518e-01 2.378617268268842011e+00
4.517530726264216701e-01 2.372684520885554260e+00
4.582001609756939375e-01 2.348484476831055545e+00
4.563233999547105513e-01 2.362554689904926342e+00
4.551649718588954840e-01 2.349730368920220247e+00
4.512907776432104057e-01 2.340417959546889914e+00
4.541323660457513567e-01 2.350385969754390736e+00
4.452705586994821219e-01 2.371142979501570380e+00
4.553604143998536413e-01 2.362025019941090154e+00
4.496692077379634278e-01 2.350430497634988125e+00
4.455181959993645413e-01 2.352913486606976523e+00
4.539806616256915062e-01 2.351344695701568011e+00
4.510061345514144171e-01 2.355433406510455630e+00
4.582235113019001438e-01 2.361175559066428509e+00
4.497706551427906319e-01 2.356171582814935661e+00
4.573584011146293871e-01 2.370336213096843281e+00
4.521427261625950433e-01 2.352904407623771288e+00
4.524230225780051518e-01 2.367112303443577037e+00
4.576112861031818579e-01 2.359026446746202765e+00
4.616520584096587831e-01 2.355246053107043380e+00
4.414066669475679716e-01 2.366686399815162378e+00
4.431606590351677144e-01 2.368106134354384995e+00
4.555022808261004474e-01 2.358693951586493753e+00
4.511101477791516490e-01 2.381338487440097573e+00
4.585579288459529779e-01 2.365024674388159998e+00
4.640347148359096341e-01 2.363501280724117581e+00
4.624062872098514965e-01 2.356580516664589897e+00
4.492239482390324445e-01 2.363667685842926414e+00
4.555189411417474021e-01 2.345055463147864838e+00
4.521217595345224383e-01 2.357609362223155980e+00
4.481257108024167546e-01 2.350802545159612400e+00
4.502350009640965212e-01 2.358924748939552618e+00
4.464589862416966093e-01 2.369793067846063472e+00
4.551426902252383444e-01 2.368223469380251078e+00
4.546233446306606751e-01 2.364303293167673292e+00
4.558143803461291443e-01 2.357158008805148697e+00
4.496712749206845938e-01 2.368148771634985827e+00
4.459969133673235553e-01 2.349216914662071609e+00
4.543880463812769444e-01 2.363822090001765464e+00
4.500428615085602657e-01 2.356581801490574613e+00
4.541626589067608299e-01 2.357563135526933529e+00
4.477027369182755012e-01 2.362113900766164232e+00
4.575030851363849349e-01 2.365446188449963572e+00
4.598538293070246197e-01 2.358437229559148030e+00
4.646251598542469052e-01 2.356665558702667251e+00
4.542832663907233615e-01 2.348546669137661080e+00
4.571476588458181500e-01 2.337496053035228449e+00
4.551721597374468464e-01 2.360163248182091777e+00
4.597844179926925956e-01 2.356317283396240470e+00
4.592248437268046102e-01 2.340092416495754613e+00
4.540798173600752441e-01 2.353157853330041238e+00
4.591156451123445392e-01 2.368337872959207058e+00
4.612968467063767730e-01 2.352793214019523127e+00
4.570747856778784035e-01 2.355585705404466434e+00
4.503024682286252411e-01 2.346129315292923234e+00
4.415230611362887525e-01 2.354317404526514945e+00
4.499880763023023089e-01 2.364117364187582560e+00
4.502910654385881561e-01 2.350171870671081908e+00
4.549310069143107649e-01 2.339872114765419120e+00
4.543616905295186914e-01 2.355779193281160033e+00
4.468947701345162282e-01 2.349017012973336982e+00
4.504373057892133159e-01 2.344577971121122317e+00
4.450938095309472931e-01 2.373748184332630462e+00
4.524173148586302928e-01 2.346343031741889629e+00
4.462558755836417146e-01 2.357464439854778160e+00
4.494757333590485571e-01 2.366017024325025808e+00
4.554725679454015297e-01 2.343761020305466847e+00
4.601672400894673554e-01 2.351710308195952948e+00
4.583991838544128061e-01 2.354137375153526612e+00
4.518551304927890255e-01 2.363343740014669958e+00
4.507952058212961743e-01 2.365157038672487833e+00
4.555366856422332633e-01 2.377570372704085777e+00
4.555520326905757034e-01 2.358900629198664500e+00
4.482499790749203683e-01 2.350480978222367234e+00
4.561008678266176841e-01 2.361272241035555108e+00
4.522846731058976499e-01 2.363030690890155494e+00
4.523312853755926399e-01 2.360901864927452909e+00
4.613393158078638590e-01 2.343608087411890750e+00
4.516386918111360282e-01 2.361967235680575872e+00
4.620297565777253257e-01 2.352414864262008187e+00
4.554779273339666923e-01 2.359227466675980267e+00
4.461247226637606866e-01 2.363550667326431043e+00
4.452236676487107969e-01 2.377470184273847487e+00
4.515700739313033285e-01 2.346139827220779850e+00
4.513297188045169439e-01 2.362989885142738000e+00
4.458891552425413574e-01 2.359512141237339655e+00
4.628825988748756504e-01 2.337298187476464673e+00
4.668520902703202080e-01 2.364499673404942826e+00
4.644803620160971591e-01 2.354826186416878908e+00
4.469271590660769955e-01 2.358056332433296376e+00
4.629166172357881415e-01 2.357393237643444994e+00
4.465468311919222333e-01 2.360081505732412488e+00
4.556876582205636184e-01 2.360620509193271932e+00
4.643659743736845980e-01 2.345408035172421357e+00
4.631040298554727208e-01 2.345161882748141302e+00
4.585673402027053980e-01 2.350621694198291589e+00
4.565813934020392373e-01 2.356970917908412844e+00
4.477137933063982111e-01 2.373224341059116504e+00
