4.504763914345311093e-01 2.370080608497900254e+00
4.567634852954826075e-01 2.355235449238918921e+00
4.480599999553021573e-01 2.381077341703594641e+00
4.485605303316320680e-01 2.378360555042584146e+00
4.564334216086007867e-01 2.351755062104356586e+00
4.534425965781385681e-01 2.364719316502269297e+00
4.510386926669028851e-01 2.355761178372111075e+00
4.509185010937713511e-01 2.346596587153289004e+00
4.506564779135581178e-01 2.355104111031244507e+00
4.438712892840997459e-01 2.376789545338878540e+00
4.527011902243416319e-01 2.368225620193587844e+00
4.496108653322986037e-01 2.353903635400087069e+00
4.460176629583463281e-01 2.352844163169641067e+00
4.503972326948909033e-01 2.353010049237235890e+00
4.485127618973809294e-01 2.357935912519863120e+00
4.565532950517811606e-01 2.365344265845104932e+00
4.488348382095005973e-01 2.356868382333213496e+00
4.556074176212968618e-01 2.378261435101700627e+00
4.512079584105081476e-01 2.357717176977340401e+00
4.516116114857232078e-01 2.372316079205732287e+00
4.564651106632049982e-01 2.362955282343667474e+00
4.590391043479846167e-01 2.360748348643720185e+00
4.396159382564516216e-01 2.371462141102671062e+00
4.428884173730237572e-01 2.370864936063624473e+00
4.528742064249077215e-01 2.363151641139089154e+00
4.484215892942647330e-01 2.387304063069837667e+00
4.555583050264607192e-01 2.366766907135636533e+00
4.621827947535579462e-01 2.368689815596954684e+00
4.606388594617439880e-01 2.361999793585797480e+00
4.477597892010798941e-01 2.370420239679366325e+00
4.556427792930092813e-01 2.348891587638918033e+00
4.479377305878362581e-01 2.366046762401182946e+00
4.460981770205040831e-01 2.357130416674197093e+00
4.474083710192781060e-01 2.365196234087863392e+00
4.459644861353029843e-01 2.369856645155667074e+00
4.557476989833925685e-01 2.366528941484734805e+00
4.540682830162567352e-01 2.367033741651395129e+00
4.536886548567485855e-01 2.360612740877210847e+00
4.462946537620024468e-01 2.375063439194220472e+00
4.469184344623841065e-01 2.351091700245509841e+00
4.529372748148720595e-01 2.367583767599863886e+00
4.487473900178987618e-01 2.363250650087450389e+00
4.529507250301335053e-01 2.363829885377131568e+00
4.452926171046125425e-01 2.365764634823229073e+00
4.563898088979954637e-01 2.364378566445762164e+00
4.589736596304211935e-01 2.361671303647908449e+00
4.632179655454131684e-01 2.364331224103749740e+00
4.560615438231017671e-01 2.348835201127877248e+00
4.553597994382722058e-01 2.342470314130576714e+00
4.541063104157128660e-01 2.365211662920735147e+00
4.595286816211002212e-01 2.356398327991648056e+00
4.554223846188328872e-01 2.342403038629271794e+00
4.509230237766733707e-01 2.357997684687765272e+00
4.604555997119282318e-01 2.368122645018770012e+00
4.594186980798870557e-01 2.357565165028272514e+00
4.553144579159156269e-01 2.360336746346637593e+00
4.487839062589556449e-01 2.350669823783480439e+00
4.410762971746372552e-01 2.356328249951680665e+00
4.490213385815262637e-01 2.368586331879621198e+00
4.490700574982449678e-01 2.354533926268252308e+00
4.534608590772700731e-01 2.344359454467428883e+00
4.543671928658356562e-01 2.357347983879638065e+00
4.464115719633527379e-01 2.350595812977478438e+00
4.479707854217233054e-01 2.348700571736324960e+00
4.438423640863237152e-01 2.373575713044369540e+00
4.507449413174909880e-01 2.349998263326448900e+00
4.434833387536679106e-01 2.362803359750517362e+00
4.471138862128935521e-01 2.369286291461293104e+00
4.541768670141083653e-01 2.349294662668317546e+00
4.586962145253036804e-01 2.350712974697988233e+00
4.589940738188794112e-01 2.358904728710209842e+00
4.507118055807272650e-01 2.364374641293540691e+00
4.491681072168329791e-01 2.367707747095631809e+00
4.523480870478334137e-01 2.380489227403765007e+00
4.527611342892778890e-01 2.365516381795603085e+00
4.456655824455000858e-01 2.357783849340862048e+00
4.557541131658345290e-01 2.364768442347889188e+00
4.519045723810255488e-01 2.363034300329515780e+00
4.506085786022753781e-01 2.366929430777994448e+00
4.593598438805561179e-01 2.348913449053956271e+00
4.490836925075415986e-01 2.368304073779916585e+00
4.614398415435697065e-01 2.355230058580660479e+00
4.553752319175619623e-01 2.363957970521591623e+00
4.450087355352714824e-01 2.366298579716634265e+00
4.440548444377098170e-01 2.381984756691101879e+00
4.496817362618850122e-01 2.351826586122697904e+00
4.515336272992977462e-01 2.365190095759465816e+00
4.458329635513010314e-01 2.362888489829874761e+00
4.619030308746774338e-01 2.342603469686326267e+00
4.659662142536639129e-01 2.367105986005412888e+00
4.631698115635366486e-01 2.355003965012847367e+00
4.462095955719749263e-01 2.363276505155989859e+00
4.610697256057737503e-01 2.357527623143175433e+00
4.434569096806192379e-01 2.364195430003308118e+00
4.532999332839564577e-01 2.365790664846088021e+00
4.612624806055250493e-01 2.347798772021896685e+00
4.603773298725757912e-01 2.346667494452927993e+00
4.565265412900881836e-01 2.354889137896198026e+00
4.560248094448125511e-01 2.357871666920091869e+00
4.477804521614398015e-01 2.374106449133658980e+00
