4.480830806965168667e-01 2.377719346069760320e+00
4.541991879518702535e-01 2.359080358137065403e+00
4.456735684876140247e-01 2.386587846421825088e+00
4.469792158380934688e-01 2.381555840680407599e+00
4.548209449759882950e-01 2.353522996969024561e+00
4.532566549063777317e-01 2.369231996733463408e+00
4.507121245037722934e-01 2.357834478587417237e+00
4.490119164941923646e-01 2.347310806471578193e+00
4.495313670133482820e-01 2.358246178261463211e+00
4.425524075084009690e-01 2.378066961450777228e+00
4.501054424805705501e-01 2.367976988559587159e+00
4.474946934596950032e-01 2.356411606174519058e+00
4.423868002010518108e-01 2.360818625043744845e+00
4.492192926123588781e-01 2.359403469069186077e+00
4.475378598363708993e-01 2.361859993606834962e+00
4.544538562388913960e-01 2.364237847222051769e+00
4.476590395300119041e-01 2.362315984849208572e+00
4.535487573353502722e-01 2.380070771848347810e+00
4.507807732085832297e-01 2.361406387036982135e+00
4.495483447302936475e-01 2.376555751439205277e+00
4.546496539803004944e-01 2.366622600073077898e+00
4.568165067825258885e-01 2.365909107162763814e+00
4.382026601080325490e-01 2.378985165165133697e+00
4.390562047814329238e-01 2.374620706621312749e+00
4.491525943373906871e-01 2.367798839463584937e+00
4.464453780763205093e-01 2.387907256176824866e+00
4.550550672792723628e-01 2.371107723735467854e+00
4.605472772556138406e-01 2.370993581044205101e+00
4.606402439461132481e-01 2.363337532227615334e+00
4.456007086316874366e-01 2.372981320134774474e+00
4.529382513356648432e-01 2.352039331380797904e+00
4.488261327608442652e-01 2.366244174503239872e+00
4.448247115540732155e-01 2.360848136132765784e+00
4.471955996210247308e-01 2.366245834306021756e+00
4.415870882726409818e-01 2.378888794894878256e+00
4.533214141510238382e-01 2.375489431755267056e+00
4.520612879400160988e-01 2.371036250525092814e+00
4.528532709107729315e-01 2.364171987922440987e+00
4.445216995086757605e-01 2.380929951184993509e+00
4.421241493973092074e-01 2.358545001468184577e+00
4.524841745290932860e-01 2.367440965922927631e+00
4.468210897936038539e-01 2.367794458989385120e+00
4.512192238731577709e-01 2.364217875287176085e+00
4.438611838675169952e-01 2.371231944272854442e+00
4.541176532336316241e-01 2.368875652786346375e+00
4.560644241057850157e-01 2.363720983491551575e+00
4.619841454964375149e-01 2.365070337038577275e+00
4.545463251373904612e-01 2.354038716230325790e+00
4.553806337096862333e-01 2.344434335686774507e+00
4.523478669775152783e-01 2.371292682178856914e+00
4.567107757149983516e-01 2.363916670649552909e+00
4.532595860179151059e-01 2.350096043380589528e+00
4.506135157630223875e-01 2.361670967954198286e+00
4.578957294369515596e-01 2.376452384318864297e+00
4.577892445540986399e-01 2.362210913136667756e+00
4.549346662520613593e-01 2.363217133114153601e+00
4.469132941337411458e-01 2.357169225925042522e+00
4.366352916938913142e-01 2.364447056860695007e+00
4.463711615740295624e-01 2.373414700297513225e+00
4.466268487875451054e-01 2.357561495854378908e+00
4.504387917836078503e-01 2.350683643752637497e+00
4.528817003106280215e-01 2.360512040887303264e+00
4.456985769736209191e-01 2.353504023434724868e+00
4.482020968666372007e-01 2.351190005398148042e+00
4.417109553987084158e-01 2.381100672255868744e+00
4.502673865151555210e-01 2.356334213359596585e+00
4.421064406126099522e-01 2.365240083374555269e+00
4.464437468934806530e-01 2.370765566226889387e+00
4.518364850839054481e-01 2.351880101966790093e+00
4.550078760894101237e-01 2.358270632741013006e+00
4.556455390109225290e-01 2.363971156440219268e+00
4.489631659585021639e-01 2.366088688686271535e+00
4.469560285817276712e-01 2.372359630240457040e+00
4.514842914669311424e-01 2.385011553637434112e+00
4.515235776670412093e-01 2.366125914722146728e+00
4.468732270451320487e-01 2.357622349246252913e+00
4.539870367082590175e-01 2.365637530523133414e+00
4.487511847802601039e-01 2.366330687233031860e+00
4.498551646105414248e-01 2.367460938177972984e+00
4.599880263720402818e-01 2.352864576335035540e+00
4.486620776253679166e-01 2.369128047840907580e+00
4.607776429746405777e-01 2.358099213963588348e+00
4.542655239995814775e-01 2.370226642719538646e+00
4.451096984838861514e-01 2.369353821522163894e+00
4.433546716762816753e-01 2.385631345454953589e+00
4.462898123503377668e-01 2.355941034272241996e+00
4.499199104331711996e-01 2.368127092914738441e+00
4.422582924814093541e-01 2.370626312598967278e+00
4.604450497197967174e-01 2.345524635519264045e+00
4.630164938999339341e-01 2.373858522228126766e+00
4.625229985176291247e-01 2.358268806838700993e+00
4.445941178182379883e-01 2.366011269997446931e+00
4.612782461352570862e-01 2.364286214755420890e+00
4.424759503903582525e-01 2.365392185645622813e+00
4.504320631426087518e-01 2.373529437921185536e+00
4.601639741460762933e-01 2.353010532556089274e+00
4.608048843479669032e-01 2.350847346485636979e+00
4.575560732398747388e-01 2.352201785732785932e+00
4.533821075527792455e-01 2.367606012185132780e+00
4.465776074282179486e-01 2.383489801991913737e+00
4.478120079443739243e-01 2.377667618391813509e+00
4.532649132418071769e-01 2.361925756730181902e+00
4.453656474583345681e-01 2.386809651621070394e+00
4.462158249157139323e-01 2.382268506123703222e+00
4.558035382918357858e-01 2.352166322225089257e+00
4.520749457527573067e-01 2.368585392660149225e+00
4.504494898116163659e-01 2.361087254154498716e+00
4.496706541323697293e-01 2.351032231434545317e+00
4.502806760450697166e-01 2.359057360693276095e+00
4.410372627899962761e-01 2.381028416561264294e+00
4.501173858412637618e-01 2.372355983142165226e+00
4.445480317836307815e-01 2.359283168131280473e+00
4.417223338652655484e-01 2.362676533262324519e+00
4.504524445807795430e-01 2.357867954607344441e+00
4.459328198590427617e-01 2.368543748918972014e+00
4.546800273175063412e-01 2.368145779212657676e+00
4.465726852620376941e-01 2.366444819530561627e+00
4.528200211440562284e-01 2.380318438258777647e+00
4.499785636127398569e-01 2.360467107222871785e+00
4.484137104021972964e-01 2.378147058189015173e+00
4.529370129134239753e-01 2.369378858062624715e+00
4.576719459015659575e-01 2.368291588722725827e+00
4.362176784551822228e-01 2.380960477178315493e+00
4.383608221617698586e-01 2.375458362659306211e+00
4.491431158813995461e-01 2.369093154241561194e+00
4.464116775949935056e-01 2.394181625043763972e+00
4.529590727866046884e-01 2.373170478434347697e+00
4.587138718765826351e-01 2.374771368935948868e+00
4.587051561716590231e-01 2.366796785095261146e+00
4.466290245579231377e-01 2.373157540976198021e+00
4.528216974656641969e-01 2.355443220523879777e+00
4.468359809235301072e-01 2.370495750494343135e+00
4.433307376547428458e-01 2.361305633508572477e+00
4.461770266695905263e-01 2.370583052473753227e+00
4.441539057676300861e-01 2.378199964827559132e+00
4.525065739421526012e-01 2.375424694367200829e+00
4.510661556535431882e-01 2.373378791410473809e+00
4.502481418940085245e-01 2.366068378188823651e+00
4.433938319998139144e-01 2.382481954744703145e+00
4.431854498163618206e-01 2.359512883517856707e+00
4.506695980214091013e-01 2.373924854208532498e+00
4.464452220267164928e-01 2.368867259138164094e+00
4.496688342630500435e-01 2.365897737623344543e+00
4.445823329779960420e-01 2.372327316170756539e+00
4.551090049951910799e-01 2.370269944080221070e+00
4.561041947499266946e-01 2.366332684550979337e+00
4.620129256787941507e-01 2.368481681221211055e+00
4.529125479646676222e-01 2.358278787731313830e+00
4.544491345237111068e-01 2.344921956192865586e+00
4.522883474158925776e-01 2.368464880960075458e+00
4.558310801231155174e-01 2.366893191344166425e+00
4.532590256339041335e-01 2.350090912406871624e+00
4.507832175601051983e-01 2.362710652754082652e+00
4.591439755395237965e-01 2.373309504489375055e+00
4.565966393431352133e-01 2.362054160407049519e+00
4.551788952314392289e-01 2.363290097972476023e+00
4.454146113957133113e-01 2.357421253341836387e+00
4.376942447023638438e-01 2.360405542331996731e+00
4.448841063447784294e-01 2.374504607917844901e+00
4.456524054000121637e-01 2.362698864885294459e+00
4.518780919849772482e-01 2.349348575461380761e+00
4.509122807853249704e-01 2.365540548428973544e+00
4.453302216938401226e-01 2.357301149324218414e+00
4.467565789233836626e-01 2.355280942641825970e+00
4.402781921859504344e-01 2.382333697250073268e+00
4.476434379104017314e-01 2.358686304665662536e+00
4.423400601640768981e-01 2.365065219558564191e+00
4.434982084881591291e-01 2.376229748419054211e+00
4.515824307056285902e-01 2.354070792302620063e+00
4.548514608815668048e-01 2.359872190439585626e+00
4.547076189758592069e-01 2.364240761391477097e+00
4.481669429769873925e-01 2.367416287951710885e+00
4.466798722907207586e-01 2.372507320360407235e+00
4.505874143272750043e-01 2.384727746593111153e+00
4.505973598409438452e-01 2.369376164841916932e+00
4.455387243570530509e-01 2.355793827404430552e+00
4.533784093273022231e-01 2.370793398122719609e+00
4.490995015070528562e-01 2.369351995182259252e+00
4.484887706536728191e-01 2.372950299028001808e+00
4.571605796853983605e-01 2.351680963002759306e+00
4.468988141835754102e-01 2.373009204621865820e+00
4.600806647126826632e-01 2.360808017926298241e+00
4.538554308494678335e-01 2.369039687174959941e+00
4.413105891058569652e-01 2.375936268287829112e+00
4.420237271529685597e-01 2.386407721590584341e+00
4.450725537490924366e-01 2.356336811770485706e+00
4.483271127215731622e-01 2.371770223756566764e+00
4.426095249071494431e-01 2.368466844964504325e+00
4.615247533012427628e-01 2.345733986134541205e+00
4.630616892228670012e-01 2.376997843154232903e+00
4.615151546151480266e-01 2.362242139318710521e+00
4.425429462684559168e-01 2.371680740441213686e+00
4.607785292892555007e-01 2.365808229157297937e+00
4.441171934344630978e-01 2.366136535657437534e+00
4.502471000213216779e-01 2.373937828402513439e+00
4.591451818996060141e-01 2.357544062154138143e+00
4.593893058765418091e-01 2.354527267821484582e+00
4.557585450238502145e-01 2.357745713663952802e+00
4.516696757707577836e-01 2.367764538699153487e+00
4.438864300351392234e-01 2.387578339970739982e+00
4.531095021551740931e-01 2.363888614124067367e+00
4.576971323977315209e-01 2.350609004402023583e+00
4.495173589385489943e-01 2.377190867694215726e+00
4.511667678545435711e-01 2.372809566977275963e+00
4.603464412981708165e-01 2.339192951988824376e+00
4.568991868463195272e-01 2.356627943792865221e+00
4.532048576154634745e-01 2.349512166427083937e+00
4.526643883355564446e-01 2.340360212036718845e+00
4.567375390635226018e-01 2.344040179702966853e+00
4.462568655620125502e-01 2.370900046084107871e+00
4.554733502804474421e-01 2.359759398094641192e+00
4.502392190309110198e-01 2.347217723442969639e+00
4.453857374946055825e-01 2.349412248259406422e+00
4.533073545032433871e-01 2.351106206151490685e+00
4.500307080033440488e-01 2.354416908582987134e+00
4.588865442132306072e-01 2.357526521248089590e+00
4.498824429041684558e-01 2.353037938081920188e+00
4.579524770234016384e-01 2.370741605881842240e+00
4.553601487207254994e-01 2.352228344060452336e+00
4.531965239592796180e-01 2.365671429583106722e+00
4.587945948982828370e-01 2.358797413978440005e+00
4.624048402852067863e-01 2.354866688553018061e+00
4.413768255534681884e-01 2.368476800339258226e+00
4.433869586273586072e-01 2.367005786505207876e+00
4.556929274408517694e-01 2.354577219949110845e+00
4.521525837952427018e-01 2.377794098203869666e+00
4.581760117757075479e-01 2.361150781509381957e+00
4.633804659269161186e-01 2.365532716396221424e+00
4.636272102437347109e-01 2.354988294842827568e+00
4.505653265152263498e-01 2.364866678106261499e+00
4.571711016048062848e-01 2.342912490967903771e+00
4.513944057979989433e-01 2.358120492465072715e+00
4.499544820309062110e-01 2.347887792491189174e+00
4.515027134632553230e-01 2.358541016583841632e+00
4.467056127517881059e-01 2.369448840771180897e+00
4.557557422328486485e-01 2.363736271619075069e+00
4.559514124969002991e-01 2.361910528580061897e+00
4.545146105594057295e-01 2.353136020470839362e+00
4.491979908343441408e-01 2.372600358153270417e+00
4.484170894755937220e-01 2.350354384472902236e+00
4.561069196237250711e-01 2.360692637445554354e+00
4.517464278369449637e-01 2.360806730492367667e+00
4.555284766153103182e-01 2.351792049268861540e+00
4.474338483623052642e-01 2.360496098427981249e+00
4.597400903332223843e-01 2.360193570131478680e+00
4.617806367151253699e-01 2.351154651719697952e+00
4.656922655533375366e-01 2.357062034437437781e+00
4.565621003516247001e-01 2.342985636458463361e+00
4.575770074510348562e-01 2.334551186810330581e+00
4.560978934091731718e-01 2.358277450578704748e+00
4.619368564051383186e-01 2.351914117010938554e+00
4.590062093804867516e-01 2.337052542931603138e+00
4.549413262667090230e-01 2.351985224563263532e+00
4.631068977631135342e-01 2.363861149260913841e+00
4.599480737734481517e-01 2.355461736085356250e+00
4.597095219370362917e-01 2.352310680115944574e+00
4.512510311179090405e-01 2.344402177432772127e+00
4.414976087322897702e-01 2.350444915505068622e+00
4.519287020529391130e-01 2.361391424854825338e+00
4.481815616568264882e-01 2.348835138688202040e+00
4.560674472493796983e-01 2.338239835771714237e+00
4.540769937956297131e-01 2.354646644544327483e+00
4.470268268276088586e-01 2.344949431490270353e+00
4.496314347515248389e-01 2.344960737099918813e+00
4.468709011616902593e-01 2.369610442292032104e+00
4.531523444041143378e-01 2.345488563649962721e+00
4.474615682308069609e-01 2.354911165772668458e+00
4.493434186263776109e-01 2.361865243320551144e+00
4.576890322922076981e-01 2.339446765848436804e+00
4.589658033331790454e-01 2.350625674684185373e+00
4.594128489933885784e-01 2.354740875398448452e+00
4.518581801332949843e-01 2.359681782889260226e+00
4.531147873292589168e-01 2.361194255642989237e+00
4.565492717125029243e-01 2.372469613892620455e+00
4.565469616964055732e-01 2.355328290987134920e+00
4.511674292370559947e-01 2.345694275611844404e+00
4.577959814842095243e-01 2.359144369701191124e+00
4.524073726196003453e-01 2.356506652910170807e+00
4.531877948858124006e-01 2.358969891871423030e+00
4.626450097525947602e-01 2.341525602411414386e+00
4.518803298013951419e-01 2.363255175199976410e+00
4.644879891535798611e-01 2.350123270242650886e+00
4.582626271768783788e-01 2.359511209229325335e+00
4.454038559714031398e-01 2.361109118178058353e+00
4.453544884329264097e-01 2.377015108425529544e+00
4.520968023657750967e-01 2.349016754479547497e+00
4.514925657173844420e-01 2.362952885318228002e+00
4.463008181392181806e-01 2.359001800343002220e+00
4.653039094197296555e-01 2.333087639784142464e+00
4.651659660247898231e-01 2.366504114494348610e+00
4.678452944318197693e-01 2.348492746403999742e+00
4.474617062471288320e-01 2.362834774618283618e+00
4.652065540601157956e-01 2.353736107619198048e+00
4.479493841652387731e-01 2.356523157654562439e+00
4.565896898551828342e-01 2.358996554380621280e+00
4.635790090210900050e-01 2.342408078576991404e+00
4.631242996306897397e-01 2.344018548054842555e+00
4.586878505479849988e-01 2.347528076829617394e+00
4.573086945913445445e-01 2.351650871994109160e+00
4.486612839360356597e-01 2.373539712656118628e+00
4.482295385059751336e-01 2.378003319417412609e+00
4.556377066424328048e-01 2.358587543581300849e+00
4.442995842580489962e-01 2.389492933986668177e+00
4.485406570970757456e-01 2.381687235813071180e+00
4.555489108039995627e-01 2.355389715124851957e+00
4.528821694828816802e-01 2.368659439713739268e+00
4.513484261291487165e-01 2.359142582130728805e+00
4.488026046229082744e-01 2.352073349646598643e+00
4.510142305746183689e-01 2.357503110368141197e+00
4.413658933418402319e-01 2.379828284852266940e+00
4.496769082427490849e-01 2.372701176655250155e+00
4.456964226477478919e-01 2.359619244148693618e+00
4.427662045141770308e-01 2.359771759375689282e+00
4.507893881455493079e-01 2.355769798206732268e+00
4.470007120612168872e-01 2.362990663743588904e+00
4.560422197954988599e-01 2.367698499133864320e+00
4.467548654076081149e-01 2.362128713562072324e+00
4.538660187405550994e-01 2.379862963297576961e+00
4.507049260677327696e-01 2.358371024673882488e+00
4.509349707818753883e-01 2.375420430505894132e+00
4.546888790390529733e-01 2.366729098620577343e+00
4.587892238219549168e-01 2.363938956423172755e+00
4.381977835506846719e-01 2.375400784687204503e+00
4.393837803449241464e-01 2.373754538355408172e+00
4.511977469517449713e-01 2.364332141174182667e+00
4.467274968813807479e-01 2.390343692797934239e+00
4.536676647176132171e-01 2.372841674940989964e+00
4.595432456486608364e-01 2.373953529095843784e+00
4.582952910502984811e-01 2.366664905211591563e+00
4.468928218322956725e-01 2.370022011240822568e+00
4.530448431746492144e-01 2.349572462317203847e+00
4.470147253325368331e-01 2.367500238326389450e+00
4.451977897294430164e-01 2.361873793791307907e+00
4.470762175649357628e-01 2.368075225528990746e+00
4.436069653720264849e-01 2.375674032587244522e+00
4.518207323462922198e-01 2.374196214618814249e+00
4.509142972364290070e-01 2.373579066437090823e+00
4.518202717150482384e-01 2.365856515982906583e+00
4.445721605457649273e-01 2.381595034698274382e+00
4.447530126434334208e-01 2.357949587898407806e+00
4.514993955978676143e-01 2.370045794205924317e+00
4.489446886378807844e-01 2.364452796438400561e+00
4.503733740261640084e-01 2.366130226181410556e+00
4.446680974248949370e-01 2.370841889216103837e+00
4.553004826028801411e-01 2.369841613929631663e+00
4.563124689708407677e-01 2.363915298069930948e+00
4.610267304836886404e-01 2.364453119294766648e+00
4.545391420414964245e-01 2.354117597908476078e+00
4.538919965506602594e-01 2.348589037785993483e+00
4.506949526501354830e-01 2.370649692143167453e+00
4.573932909352345089e-01 2.362518047684822431e+00
4.534305392677491775e-01 2.347334509447566386e+00
4.503963235573779644e-01 2.357837944792987361e+00
4.572675049442084805e-01 2.374837182417353976e+00
4.580636276906701609e-01 2.361541902224187250e+00
4.536054907326964036e-01 2.364308078582210815e+00
4.487734075264002698e-01 2.351166805628194023e+00
4.375379090827144490e-01 2.361477594447023431e+00
4.476863148833451489e-01 2.371493870492220157e+00
4.453944578757959571e-01 2.357982609459535972e+00
4.536460121464557793e-01 2.347541466011772382e+00
4.514317160605187951e-01 2.364131820188016153e+00
4.448777609163447333e-01 2.353437975524610426e+00
4.465951391851629149e-01 2.353155634811390673e+00
4.417266000411100846e-01 2.376195329483571150e+00
4.496412127544185400e-01 2.353879591494296264e+00
4.431236778798386400e-01 2.363563635926907214e+00
4.460627613383655321e-01 2.371138954585779057e+00
4.509962364136174129e-01 2.350066006336398505e+00
4.557895266105935761e-01 2.358754943792868541e+00
4.569986266359841176e-01 2.362538443313170422e+00
4.485410571092429133e-01 2.370425847288172960e+00
4.484976744554504124e-01 2.373754269514643855e+00
4.501385039657873621e-01 2.385537960315065931e+00
4.532280025697791315e-01 2.364857018818793843e+00
4.458189001818794184e-01 2.357796653156912559e+00
4.524913537923071494e-01 2.367454659696735852e+00
4.487799818621526216e-01 2.367847532462312277e+00
4.494900264241306620e-01 2.367775321364688601e+00
4.569480275146996506e-01 2.354884504315513549e+00
4.497565760663439494e-01 2.369126270177043914e+00
4.618492642525837133e-01 2.357535016444978648e+00
4.525079168356239134e-01 2.369248298217954574e+00
4.434837891424737166e-01 2.371738357022108001e+00
4.412339498463929699e-01 2.387172960021722634e+00
4.478206514933700255e-01 2.354913690331659648e+00
4.489662680312030973e-01 2.369051944150609490e+00
4.429666004321052841e-01 2.365934137279882332e+00
4.616748261351433791e-01 2.346205903128208536e+00
4.631834567078620957e-01 2.372907353108420381e+00
4.632716816661595627e-01 2.358212229056849463e+00
4.448300227461391421e-01 2.367017269480596209e+00
4.612004889361769888e-01 2.361870536558725586e+00
4.439814917068639066e-01 2.367606036477700737e+00
4.537176016374146470e-01 2.366852203352877826e+00
4.601826339685476941e-01 2.354876438395650862e+00
4.588241295357273208e-01 2.354220439349944183e+00
4.566131959281400365e-01 2.356336335232025903e+00
4.557758301357970332e-01 2.363541271906164365e+00
4.454577134146162076e-01 2.379678473645264081e+00
4.518808781888865589e-01 2.369384624797048033e+00
4.602160705057818935e-01 2.351160176303261462e+00
4.505603450219274886e-01 2.377613104997623239e+00
4.501904399606046492e-01 2.373443538178828582e+00
4.589821791219995117e-01 2.343722154385292633e+00
4.573650709269181380e-01 2.357015103062108707e+00
4.539154881183462553e-01 2.348626921305656534e+00
4.530557047755247035e-01 2.342287985501000147e+00
4.536018447300907974e-01 2.348210949770932032e+00
4.453514734730772417e-01 2.369033033825039603e+00
4.545240358472439346e-01 2.363419635018327636e+00
4.508949746929470925e-01 2.345708417415132363e+00
4.470753825595900621e-01 2.348881641294557898e+00
4.547015110036676799e-01 2.348652993415251355e+00
4.498504900864568334e-01 2.355361847896087379e+00
4.594329336174036715e-01 2.359109987380083151e+00
4.507967454126470264e-01 2.354251336836950426e+00
4.572836553358777256e-01 2.370120196667668822e+00
4.555586164504420998e-01 2.349433322010877401e+00
4.559470163275191612e-01 2.364810545687680676e+00
4.587892296202156217e-01 2.357180755283813767e+00
4.611224488195517224e-01 2.358950481880924155e+00
4.425439102959110027e-01 2.367611553439768368e+00
4.442689274450915549e-01 2.367099712373368359e+00
4.551067574620510370e-01 2.355220621880251830e+00
4.506493864680490291e-01 2.379183747950333494e+00
4.572713235185026925e-01 2.362099057488687759e+00
4.645090202307238236e-01 2.363731826958344051e+00
4.614965446693066187e-01 2.353801614530979691e+00
4.510145528549839300e-01 2.361383345254338906e+00
4.565075398657533201e-01 2.341876138077434444e+00
4.519354515050790777e-01 2.358095925821331207e+00
4.492042922244824377e-01 2.349888671291774145e+00
4.507093284000894817e-01 2.359050495064553665e+00
4.466021160762756459e-01 2.370133754421646977e+00
4.580476093814705996e-01 2.360155107906217964e+00
4.557680324475862910e-01 2.360931127662057261e+00
4.559817773152640141e-01 2.352426175314487722e+00
4.471720198890328235e-01 2.373505850859464861e+00
4.473328297354066674e-01 2.347267858516470351e+00
4.556403195228636016e-01 2.361914474510640183e+00
4.509372454675060204e-01 2.357564434826734168e+00
4.571276891733134784e-01 2.354841267054755161e+00
4.473752851476247572e-01 2.361268519133834509e+00
4.606103793281939862e-01 2.356174558972219391e+00
4.608436736206152906e-01 2.355357727079194330e+00
4.665306816417105207e-01 2.357613771952791648e+00
4.567828682408106578e-01 2.342545081329472811e+00
4.586601139433163499e-01 2.335199302259157061e+00
4.570482287791332032e-01 2.358762656188263307e+00
4.618803438368508929e-01 2.349991793282941721e+00
4.573445372395567032e-01 2.337741782011272029e+00
4.540411373633655434e-01 2.351720176076109503e+00
4.631302449575716018e-01 2.358639571261148316e+00
4.603223344647007220e-01 2.352413087586389562e+00
4.589919797408613111e-01 2.355395195318369606e+00
4.503247004437122003e-01 2.343538933269288638e+00
4.403462919277607579e-01 2.354518534803327068e+00
4.526765761805034427e-01 2.362117614765681495e+00
4.500815681076584807e-01 2.350785942390500427e+00
4.555945984934579585e-01 2.339537922155849881e+00
4.559708731117875780e-01 2.354814704098923350e+00
4.484492239911276323e-01 2.344641733865502342e+00
4.501823987362575941e-01 2.342514382061443357e+00
4.442216196280457940e-01 2.371095136046421636e+00
4.544924478921240074e-01 2.344995942779946496e+00
4.468120681368721314e-01 2.355411840049748129e+00
4.485520723517829600e-01 2.361581158691107074e+00
4.551450722293702289e-01 2.345263109885930675e+00
4.599445383621039718e-01 2.350969002753748427e+00
4.607996110797275002e-01 2.352036742813150560e+00
4.528240500014232284e-01 2.358527863804168234e+00
4.526229471451854725e-01 2.358858064400373156e+00
4.544464683576723840e-01 2.377271681906344192e+00
4.574652339690566949e-01 2.356239590880693235e+00
4.493155168416947398e-01 2.349334353441573153e+00
4.592141042981947030e-01 2.357684338943581537e+00
4.522403011252061900e-01 2.355775183439964948e+00
4.538788343265012237e-01 2.359726649039434854e+00
4.619825553311685540e-01 2.343662423572859588e+00
4.510690442451578686e-01 2.360052136039306525e+00
4.642324475446014120e-01 2.349773390614248392e+00
4.592470254834811749e-01 2.358228521458257898e+00
4.475311384394752845e-01 2.358197230420164825e+00
4.463964532365598537e-01 2.376395268589702514e+00
4.502824250069337730e-01 2.348630139891883406e+00
4.519618938874249148e-01 2.363311859527760461e+00
4.471589512758584739e-01 2.356679342310635583e+00
4.655522845252770270e-01 2.335082986489548151e+00
4.679664731625023388e-01 2.364829043423894994e+00
4.659837762663055494e-01 2.350777847223988193e+00
4.471230850156079906e-01 2.358947470558489634e+00
4.646223701241938286e-01 2.354557663207220042e+00
4.466976485940633568e-01 2.358062910973834914e+00
4.552541039027693248e-01 2.362511555245405681e+00
4.661671133402491285e-01 2.342913344376119422e+00
4.628041420654346316e-01 2.344667948639436617e+00
4.584086232741451106e-01 2.350062826691916129e+00
4.579301215720307239e-01 2.354269046651464858e+00
4.509381587018485571e-01 2.368699289294990074e+00
4.545746693894608947e-01 2.364511846920321680e+00
4.592747258988399972e-01 2.352033524505444895e+00
4.506542489551131903e-01 2.374404013953436365e+00
4.520622218712064266e-01 2.371010058292919442e+00
4.583019587632184977e-01 2.344440624077214874e+00
4.562566479981244871e-01 2.356551268228354701e+00
4.544032991178545422e-01 2.348792028149519595e+00
4.544976094665544308e-01 2.339526761364437490e+00
4.554429566314081024e-01 2.347214703534282076e+00
4.465761895337230780e-01 2.368582919139897047e+00
4.547962135097935454e-01 2.359179617666979478e+00
4.505469667002170997e-01 2.348012179926955767e+00
4.449622363436470662e-01 2.349543576057337990e+00
4.544407547803667735e-01 2.346867831875228294e+00
4.504435204288107508e-01 2.352631283047436295e+00
4.601207319017341368e-01 2.357901450437819957e+00
4.498085487973042529e-01 2.352848024801515336e+00
4.580042105287977505e-01 2.371363098435624206e+00
4.529029710436421330e-01 2.354659320098036801e+00
4.532997618868042089e-01 2.366994702603628209e+00
4.575140789385587214e-01 2.357335655039066502e+00
4.623809937409668613e-01 2.355986410262104869e+00
4.425162243437431586e-01 2.366346192601632037e+00
4.429975337919540568e-01 2.367433045752573850e+00
4.553086097031179835e-01 2.355831174472984735e+00
4.511531697815802655e-01 2.380542047296414054e+00
4.574136816777405468e-01 2.364623083444399754e+00
4.632834325457660940e-01 2.362443298978067041e+00
4.629964056298805364e-01 2.356401326485584313e+00
4.502224978664462474e-01 2.359502519714057556e+00
4.562728880085170635e-01 2.340685538266147780e+00
4.515839570664507696e-01 2.360897008198743929e+00
4.488034934088576122e-01 2.348156694193651806e+00
4.517337802588775597e-01 2.358925103649630373e+00
4.465774786538050933e-01 2.367959897889963639e+00
4.561831318750982911e-01 2.363966703153081550e+00
4.538655895616514058e-01 2.365376053938440748e+00
4.556907458681806466e-01 2.354492022061787537e+00
4.491222685881380849e-01 2.371260886967441639e+00
4.486852974002294436e-01 2.350806453419584496e+00
4.537968295961506415e-01 2.361287386473402972e+00
4.511327562572803318e-01 2.355475025650751064e+00
4.543921355712178811e-01 2.353806517839012180e+00
4.477601013550580045e-01 2.360196950428387730e+00
4.592753917923959595e-01 2.361527237686840142e+00
4.596339727613056314e-01 2.353890478394930152e+00
4.651856724881296978e-01 2.357756855601973900e+00
4.560727893757389739e-01 2.344606922875930977e+00
4.595036064207169146e-01 2.334554289904821722e+00
4.548748303297632800e-01 2.358846837634855920e+00
4.604343820800662623e-01 2.351192128498127420e+00
4.588253311073521856e-01 2.338949319728995668e+00
4.557956284120638912e-01 2.350523732690666723e+00
4.616062179183049730e-01 2.363363629247339670e+00
4.619910345127580253e-01 2.348474981133941597e+00
4.581362390768312642e-01 2.354980399064296126e+00
4.506280286315890171e-01 2.343808471679294847e+00
4.424167253615681750e-01 2.348904170922498924e+00
4.523656403521099656e-01 2.362941133539197214e+00
4.485051224555464677e-01 2.349934626595731935e+00
4.558666800041559775e-01 2.338547579993482284e+00
4.559774088986650042e-01 2.352833591265035995e+00
4.485074011131979788e-01 2.348286479688716177e+00
4.514484617122298538e-01 2.343389066960768652e+00
4.451680288143261555e-01 2.366805193433551224e+00
4.520830705092929169e-01 2.345208323097129455e+00
4.478230135019934943e-01 2.353514053700759945e+00
4.499501330251838849e-01 2.361216591590664660e+00
4.577426166277113739e-01 2.340209428178352091e+00
4.592211907898766099e-01 2.349788011344802641e+00
4.610309051982636186e-01 2.353235439661383044e+00
4.521959076636036245e-01 2.360367153766508963e+00
4.524805583796404629e-01 2.360284075851170726e+00
4.539163171213044801e-01 2.373873756421020165e+00
4.588792012128939390e-01 2.353076594699880619e+00
4.505048140389694700e-01 2.348412528711148806e+00
4.577715886894842545e-01 2.358298354902359506e+00
4.523979255661035870e-01 2.356568952792374994e+00
4.532943601459307748e-01 2.360932606821769753e+00
4.614433190451316946e-01 2.343020088723544614e+00
4.529196143261454699e-01 2.360242215828978640e+00
4.646778110421024288e-01 2.347455363371647508e+00
4.570159879371379352e-01 2.359022027630539142e+00
4.474774936466127673e-01 2.362197054403579521e+00
4.460191214237273494e-01 2.378855599759797546e+00
4.527417224382316308e-01 2.345552225955324310e+00
4.528897061128055457e-01 2.359696530513446966e+00
4.483158088798171459e-01 2.357209130090590854e+00
4.661736884968752936e-01 2.334910060400502640e+00
4.681135599098555922e-01 2.365549066688227509e+00
4.665180663923545468e-01 2.347470911416406736e+00
4.475542835019301613e-01 2.359342674043896970e+00
4.639283784011740686e-01 2.353933955366499742e+00
4.479588917369711210e-01 2.355936690308510606e+00
4.548544352520826339e-01 2.362204314444727782e+00
4.644948776837335425e-01 2.342141358690557507e+00
4.640622401548919473e-01 2.344265608201582474e+00
4.581260525898427360e-01 2.349147985950603257e+00
4.576271342193413139e-01 2.352225808478355162e+00
4.481905193920280306e-01 2.370630872236961562e+00
4.511073781156549334e-01 2.373175226002040894e+00
4.579592166460544900e-01 2.353805321406362783e+00
4.493244141210022136e-01 2.379224109766041373e+00
4.497983131749884733e-01 2.378797261332298518e+00
4.570386083294234458e-01 2.349358970413450098e+00
4.550065084048351416e-01 2.361082768532856591e+00
4.506874659246813963e-01 2.353889733828614883e+00
4.515608951419388117e-01 2.344304889631295907e+00
4.527397690794822682e-01 2.351554496615258838e+00
4.453494865691916549e-01 2.375206534521833834e+00
4.526157451480449789e-01 2.366293192034692350e+00
4.476838206968530853e-01 2.354934853304523124e+00
4.442198159523142453e-01 2.355334776389209406e+00
4.522542354017292099e-01 2.351531384654956369e+00
4.500873288657100124e-01 2.357631055022019417e+00
4.580029439894680587e-01 2.360755480544643792e+00
4.492969973713069054e-01 2.356058485940884406e+00
4.547808642349092656e-01 2.374116899144365078e+00
4.530823595861013797e-01 2.355774155061919117e+00
4.510601824488997269e-01 2.370822776478596960e+00
4.567876745120100224e-01 2.358601821838981483e+00
4.572816536521505659e-01 2.363351863368055472e+00
4.390400993875998026e-01 2.373658049744888920e+00
4.420493910192819786e-01 2.367903608033453899e+00
4.522862674503387304e-01 2.360832683151390388e+00
4.481054167999938276e-01 2.385458560577795595e+00
4.576796542232259291e-01 2.367968935237804384e+00
4.625699247651989809e-01 2.367630937051523610e+00
4.616010753749685835e-01 2.357434757221200883e+00
4.488003516926642456e-01 2.368413239309004048e+00
4.564352120563495707e-01 2.345952488964571980e+00
4.508868623003189358e-01 2.362092679611922819e+00
4.479429982320167203e-01 2.355736596195954657e+00
4.501847651918143844e-01 2.363620303615385776e+00
4.455002885706129678e-01 2.372206458758289394e+00
4.561091380142989760e-01 2.366955511461011685e+00
4.557058948991157821e-01 2.365304851557123111e+00
4.530752334344385623e-01 2.360127766069930466e+00
4.455037509787926897e-01 2.379152730719183761e+00
4.456678300699424278e-01 2.352481982439453834e+00
4.543076228194793398e-01 2.363325760956167532e+00
4.500622942602524046e-01 2.360273213937102543e+00
4.522162407041023235e-01 2.360444012206250441e+00
4.448158105059457079e-01 2.368610453147900863e+00
4.584080167703066810e-01 2.363694475590095045e+00
4.596809836133277649e-01 2.359232011032303955e+00
4.644705050634280741e-01 2.363871169747820744e+00
4.564031236374836431e-01 2.352285726647594721e+00
4.565174394320331008e-01 2.342062322900513305e+00
4.526005508549352241e-01 2.368175433423549414e+00
4.605694751220020811e-01 2.356890133267667942e+00
4.559852450602274732e-01 2.343792162081763220e+00
4.533616540393521910e-01 2.358186683590247856e+00
4.617509576795751358e-01 2.368814676712394540e+00
4.594187395021456788e-01 2.356872121713172952e+00
4.568343445152746041e-01 2.356706440416311388e+00
4.498321362458563288e-01 2.348399729427470106e+00
4.384877092063865223e-01 2.354925310293580321e+00
4.499529822982389349e-01 2.366500947135145250e+00
4.460317344664512240e-01 2.354174940846849307e+00
4.549152683003874764e-01 2.341985739256818633e+00
4.548641688557785723e-01 2.356945068929954701e+00
4.476305197318280471e-01 2.347039814619406695e+00
4.488415473246880061e-01 2.347291185209624320e+00
4.412563387582198460e-01 2.375709199917015457e+00
4.514354539478128703e-01 2.346261571230242815e+00
4.445817890966430874e-01 2.358081509380471452e+00
4.476407002018837344e-01 2.365426920241421094e+00
4.550473735297060895e-01 2.345293462704999055e+00
4.582519646537006608e-01 2.357066898062216698e+00
4.582750611682818720e-01 2.355258000760964254e+00
4.509879457520438173e-01 2.365663953572096467e+00
4.507165331546495457e-01 2.366813179313222992e+00
4.520812170434734267e-01 2.381015701781474814e+00
4.533436698095987261e-01 2.363009101933134293e+00
4.482770046212961046e-01 2.352194536827568072e+00
4.570614264141197869e-01 2.362557605697058527e+00
4.521143402607601947e-01 2.363030194584605947e+00
4.509023992110175461e-01 2.363189248797467723e+00
4.605801695923368855e-01 2.349328380785688175e+00
4.500408238755563839e-01 2.364609091372488425e+00
4.624218079342025667e-01 2.354565873376787799e+00
4.546260321267315829e-01 2.364489240642206447e+00
4.458370658005813003e-01 2.360900513936759371e+00
4.432891123441036751e-01 2.383046754946431811e+00
4.478743630984201030e-01 2.351906918769558708e+00
4.501475740267407155e-01 2.363463499012690150e+00
4.436897862068333587e-01 2.363702570639408140e+00
4.623828208421812969e-01 2.338898701281931114e+00
4.657089896777006910e-01 2.368923406474780169e+00
4.660369438656778440e-01 2.350763719830868403e+00
4.446139724392643711e-01 2.368259977042809883e+00
4.618621614310675638e-01 2.360614328167418563e+00
4.449707863486914716e-01 2.361930447295214286e+00
4.532573772438794890e-01 2.367122951293767485e+00
4.628424968482682811e-01 2.347906452756151285e+00
4.611856965968604283e-01 2.350405869047183405e+00
4.579549679502692427e-01 2.351115579318163284e+00
4.575939516623915848e-01 2.356830380084089960e+00
4.478837322582689406e-01 2.374479741103496355e+00
4.542052145411411002e-01 2.363660907707843872e+00
4.599730256218150792e-01 2.349300198163341236e+00
4.506514793467732427e-01 2.373490849450885065e+00
4.549183827168506444e-01 2.367864168610684494e+00
4.609988395605973399e-01 2.340484952787289963e+00
4.586887437288805214e-01 2.354479962128347648e+00
4.558951413290366350e-01 2.346326571737404443e+00
4.545093548793150973e-01 2.334725316363507552e+00
4.550650569815233859e-01 2.345409933397558433e+00
4.474605022912310770e-01 2.365219359846521652e+00
4.564895223713530958e-01 2.358758000584741055e+00
4.518325104940241754e-01 2.345451634112579509e+00
4.463626391927717485e-01 2.347840375082079767e+00
4.555920785442857945e-01 2.343800978193697482e+00
4.521116186361978651e-01 2.349249173918033673e+00
4.615217903126389021e-01 2.353041401820063605e+00
4.505258940434995751e-01 2.351913437811924634e+00
4.587885555279846428e-01 2.365332802559437120e+00
4.533146511537433643e-01 2.350123863820279713e+00
4.542051550528843351e-01 2.363301655721220751e+00
4.583987477591891513e-01 2.355647372343077084e+00
4.633445479087521246e-01 2.352692511884144189e+00
4.411521325044263642e-01 2.367524302584918861e+00
4.455558594729176480e-01 2.359404192242392284e+00
4.550694268349509963e-01 2.354136493551715059e+00
4.509628713074492201e-01 2.375447850585179044e+00
4.596063194555719544e-01 2.360341967145896724e+00
4.647875182246700154e-01 2.360249184067288564e+00
4.654461577380906712e-01 2.350891632271788545e+00
4.517983077438090800e-01 2.359199254268135704e+00
4.575121627288850079e-01 2.337834087733183352e+00
4.519273166903320926e-01 2.355455949769293511e+00
4.485586247296562967e-01 2.349903343380201903e+00
4.517077354036572179e-01 2.356101342596269799e+00
4.477471123828088984e-01 2.365244145034522738e+00
4.593171496625050310e-01 2.362380108450320204e+00
4.575911450210290998e-01 2.359257061430913627e+00
4.550214622860885849e-01 2.353057693822977026e+00
4.476871575170752737e-01 2.369513802664354518e+00
4.478279421785578696e-01 2.344193534823454605e+00
4.587008060461033598e-01 2.358724552253164575e+00
4.527868080018567776e-01 2.353314700651563118e+00
4.575171718984357705e-01 2.351169255843061467e+00
4.511148316094844013e-01 2.356572348445931997e+00
4.598945622221612961e-01 2.355830541456847449e+00
4.610976232868389535e-01 2.353297886460519628e+00
4.669100402615309897e-01 2.357556258966950313e+00
4.592239203392834423e-01 2.341111803293045579e+00
4.595993958095015430e-01 2.333578610299938738e+00
4.573994613809483911e-01 2.357907992114575357e+00
4.621712491732249961e-01 2.349086596158576956e+00
4.589972743769851204e-01 2.335227933932403577e+00
4.567200574439236882e-01 2.348067641546552231e+00
4.638209919543443416e-01 2.363411612335603706e+00
4.626559557652671906e-01 2.346367616669775558e+00
4.594148940138177983e-01 2.351123610513032869e+00
4.520309465797499593e-01 2.341456965751016028e+00
4.447973778464871519e-01 2.344660344680618458e+00
4.511659894219452460e-01 2.358279108950646297e+00
4.511373439423083109e-01 2.347935220800976719e+00
4.571201680496415065e-01 2.334293679754720241e+00
4.579606200116856929e-01 2.348628366753106711e+00
4.478247075847326952e-01 2.343824175610243365e+00
4.517210432543053988e-01 2.339547814064042441e+00
4.460400410387451164e-01 2.366307337353690254e+00
4.537191849768035801e-01 2.343268491015419563e+00
4.464664088193375791e-01 2.351299963869947440e+00
4.513104513046425903e-01 2.358580524928083566e+00
4.590051509169815747e-01 2.335972695995063297e+00
4.599409658765476472e-01 2.347393931588594107e+00
4.602681855005769651e-01 2.352292599454706146e+00
4.539569558416378658e-01 2.353832296199572571e+00
4.517504218636215207e-01 2.362073927102112059e+00
4.571616534013210886e-01 2.370822193698356450e+00
4.587916855911858827e-01 2.352963594066719732e+00
4.513558055339566000e-01 2.345819442912562725e+00
4.594920431176882647e-01 2.354424241929509165e+00
4.542381993509048699e-01 2.355992044478914860e+00
4.540961802600812502e-01 2.358109389682744084e+00
4.633996690613661484e-01 2.340353675107245124e+00
4.527268692625097679e-01 2.357339998555541438e+00
4.644886232591857178e-01 2.346735259449820976e+00
4.597758184804690562e-01 2.356637567117630727e+00
4.483152245905692723e-01 2.358450211088365833e+00
4.446474124062865241e-01 2.376194504384770756e+00
4.537376366569333408e-01 2.342848675703060213e+00
4.539901767128345922e-01 2.356773885255541323e+00
4.494776290405601005e-01 2.352675901892328003e+00
4.661023081885244945e-01 2.331055108744060522e+00
4.672724945381098727e-01 2.365097548173436870e+00
4.675042963139258156e-01 2.346262918218401161e+00
4.491695487589261182e-01 2.356616314844870441e+00
4.662126178180830971e-01 2.353390839937003598e+00
4.490102970519389003e-01 2.354691562986549247e+00
4.575986734796597122e-01 2.356039464170147646e+00
4.647599788981105484e-01 2.341135499620871752e+00
4.639474818768875575e-01 2.341297612472188927e+00
4.613051840682710902e-01 2.341133712703600267e+00
4.596643530450504334e-01 2.352317419537583998e+00
4.510999709122843759e-01 2.366230683648161470e+00
4.490175622295283220e-01 2.374054156277242811e+00
4.554612382164280882e-01 2.356343853119391873e+00
4.461576975142338419e-01 2.385459910472108813e+00
4.499010887471054376e-01 2.378126722641305868e+00
4.562626456087132687e-01 2.352734837106555954e+00
4.513553898895900640e-01 2.369140882910430346e+00
4.518483960855331216e-01 2.355329181393671867e+00
4.495888014369195940e-01 2.347058966449627970e+00
4.515167827899445596e-01 2.356730617195200939e+00
4.422690454928915327e-01 2.377677875098989091e+00
4.513619354499232572e-01 2.369178967709744121e+00
4.479360905719014241e-01 2.354690155112681094e+00
4.410566898895673105e-01 2.358756905545805527e+00
4.496148807752256005e-01 2.356462879716867409e+00
4.476956038980576813e-01 2.362951006924169928e+00
4.566403539021904878e-01 2.365475717755832985e+00
4.469367490105223273e-01 2.356979827618175261e+00
4.547425692513512585e-01 2.377852291666580520e+00
4.510492609384050833e-01 2.359656066426974785e+00
4.512976239791712252e-01 2.373108651420228643e+00
4.544994462473874730e-01 2.367089623714798030e+00
4.592752571861156152e-01 2.362979668692580582e+00
4.370409549733250132e-01 2.378459614543605660e+00
4.410341897697641067e-01 2.371475422934356647e+00
4.524804529338284920e-01 2.363256076353313251e+00
4.474470834337276326e-01 2.390129920101606409e+00
4.553120862031253546e-01 2.371142685740424749e+00
4.596020100395494801e-01 2.370508320883401243e+00
4.618535304209455683e-01 2.359655593108578753e+00
4.479040534443909372e-01 2.370464912655947387e+00
4.535892333171273050e-01 2.349389846560593575e+00
4.490196579398652577e-01 2.366526146424360544e+00
4.449523133084020698e-01 2.358105663419025166e+00
4.496148156994833056e-01 2.366029517024983431e+00
4.435921360329210250e-01 2.380623932758139993e+00
4.537860835782223101e-01 2.373149017717099074e+00
4.536449629298025532e-01 2.370104149050566544e+00
4.532071348688642143e-01 2.361847416319955428e+00
4.437967129618310969e-01 2.381131625492352466e+00
4.446289012337316104e-01 2.356465413589146962e+00
4.521921345122001390e-01 2.367555275848704621e+00
4.479994565493022884e-01 2.363242202848736984e+00
4.525427988685821190e-01 2.363944764542703858e+00
4.447051383589092910e-01 2.367947045535733430e+00
4.568824374372770780e-01 2.364761397805774212e+00
4.565081859778505335e-01 2.365657329563230160e+00
4.628791904210598496e-01 2.365736087340305271e+00
4.558935504152634155e-01 2.349597150237002108e+00
4.559642723237730122e-01 2.340872285464648428e+00
4.514353791532249582e-01 2.367442414958447205e+00
4.569071741144302701e-01 2.361432779842028040e+00
4.539131013136413206e-01 2.345418304209611282e+00
4.510129377842708731e-01 2.360644789980528735e+00
4.588254263054176718e-01 2.370203831046789666e+00
4.601077747998205680e-01 2.355094605836228538e+00
4.536433539675302495e-01 2.362928109425087797e+00
4.484069034558519906e-01 2.352030403811015802e+00
4.403952533344516196e-01 2.358894300099974917e+00
4.469547510154088243e-01 2.369874914921906051e+00
4.465907600170671565e-01 2.357310041312541404e+00
4.522443483047192681e-01 2.349563023244235715e+00
4.535825124236649297e-01 2.359705883557064343e+00
4.442339269626458531e-01 2.352771284649652905e+00
4.482919519707147527e-01 2.347965677875490265e+00
4.403508979464367257e-01 2.379544586819761331e+00
4.493943049274762847e-01 2.353240793996989932e+00
4.443310239583276311e-01 2.362031694383389890e+00
4.462840029715445245e-01 2.368809923922693184e+00
4.539171875657294630e-01 2.350157103213634358e+00
4.568381138757599547e-01 2.355150086093793504e+00
4.568874690597982124e-01 2.360199517806729208e+00
4.484850467765451598e-01 2.369728259593556263e+00
4.483009550939810461e-01 2.369786422600222764e+00
4.509274996514612277e-01 2.384584957053682341e+00
4.535659529290256287e-01 2.365856910160893278e+00
4.485604459196411709e-01 2.355495967211997055e+00
4.548448372383991356e-01 2.365469402561390488e+00
4.482302568279002974e-01 2.368091100410340655e+00
4.487225811193922276e-01 2.369755506488676833e+00
4.589827227083190797e-01 2.355195957203091162e+00
4.487922412294032548e-01 2.367799835009805953e+00
4.606599083293567709e-01 2.355780617639597452e+00
4.543029504490718185e-01 2.366831778080303650e+00
4.426172378182200995e-01 2.369150355841868283e+00
4.424213383821906653e-01 2.387821893100189996e+00
4.466010236600927996e-01 2.355480943535883664e+00
4.490752448009824316e-01 2.369958888082453807e+00
4.427301570134227204e-01 2.365473606956538966e+00
4.607469067145642527e-01 2.345347347766382651e+00
4.624441358233435939e-01 2.375475565431827807e+00
4.614246230413892036e-01 2.358247298752789600e+00
4.426171090080035508e-01 2.369149289088285038e+00
4.607211866172729042e-01 2.362439463316842847e+00
4.438237014825212046e-01 2.367356843893122509e+00
4.514915042875307094e-01 2.368602515649894436e+00
4.596798955208592496e-01 2.350179219081160120e+00
4.601961016677704741e-01 2.352307266218049087e+00
4.578201558134645244e-01 2.355207143648503809e+00
4.549192222172985800e-01 2.363406049325483593e+00
4.463703238894207170e-01 2.379006530363848793e+00
4.498413553335073312e-01 2.373187316451651263e+00
4.545849964867245130e-01 2.360129704821662511e+00
4.472391308444820801e-01 2.385964838968146928e+00
4.485274098837035983e-01 2.380657118224966950e+00
4.553128775313183829e-01 2.352758081234080922e+00
4.515182435530357141e-01 2.369376353385850731e+00
4.504385463733011630e-01 2.358600307027437282e+00
4.484705334354394113e-01 2.350507516635316207e+00
4.523788961105062456e-01 2.355739073501331049e+00
4.419866858739713300e-01 2.376930680775579674e+00
4.526912130168269099e-01 2.368585657282830770e+00
4.462814706314459645e-01 2.358623144775286118e+00
4.419666014226930062e-01 2.357170614046814272e+00
4.499103880466905903e-01 2.356449626085515003e+00
4.454335074144397111e-01 2.362715845100825884e+00
4.552631768773161003e-01 2.367246269457272234e+00
4.470852819458441818e-01 2.362252978513907031e+00
4.544914312600520367e-01 2.379178352452165690e+00
4.503887264469629281e-01 2.359252834902176410e+00
4.498829697008757122e-01 2.377770186476404923e+00
4.540207229206048023e-01 2.371335268887153180e+00
4.574864252176044643e-01 2.365227567284416299e+00
4.373579226592527736e-01 2.378561456828406584e+00
4.392046811763596903e-01 2.374988100594363161e+00
4.504355496717784568e-01 2.368557138957863462e+00
4.456477496943799244e-01 2.393045674238054588e+00
4.549143369117434332e-01 2.372035355142109836e+00
4.591169320593858072e-01 2.374275002229652376e+00
4.609785816275572823e-01 2.361600179471324612e+00
4.469789427714142560e-01 2.371659169155076796e+00
4.542729096092516516e-01 2.349537080845157000e+00
4.484184795373728494e-01 2.366543665363967985e+00
4.444993377701510484e-01 2.360105325983230085e+00
4.473940784979787977e-01 2.364241981131215198e+00
4.436131706756750170e-01 2.377361697499817517e+00
4.528899027921033937e-01 2.370312195101120789e+00
4.514092716828157492e-01 2.369392679963489901e+00
4.511188028624260049e-01 2.361761665872971871e+00
4.435576824367481463e-01 2.381726597192527883e+00
4.430054558130955833e-01 2.357438052500846037e+00
4.508887328374706072e-01 2.368933321428134509e+00
4.465072639867103121e-01 2.365693686831604303e+00
4.503179155519245747e-01 2.366841158138624834e+00
4.435104779500345651e-01 2.374416884970046215e+00
4.531302349530589302e-01 2.369225680918126464e+00
4.550387634372436430e-01 2.364395281210625033e+00
4.609303830463638008e-01 2.369481954141653191e+00
4.544451368011355741e-01 2.354266780823714988e+00
4.543725126514086554e-01 2.344991032079628557e+00
4.526451590658874258e-01 2.367734441048607863e+00
4.564455070043151874e-01 2.361793193329343232e+00
4.542730997004890137e-01 2.345391533297550346e+00
4.509610065293332970e-01 2.360286576053175711e+00
4.575149014059750607e-01 2.372919998449203316e+00
4.581648574046675582e-01 2.362102366822702137e+00
4.555859777173608682e-01 2.361739015813751674e+00
4.481075090205838829e-01 2.354366614059199669e+00
4.373630839049694186e-01 2.361284707073282085e+00
4.482781820249136517e-01 2.371169069014480879e+00
4.462370775667500178e-01 2.358206429828500372e+00
4.518010038508256110e-01 2.347635745498035220e+00
4.532583961854371735e-01 2.363361983381923714e+00
4.446359079632813405e-01 2.354197972964850560e+00
4.459474703216267932e-01 2.353578558544068944e+00
4.412017780296053626e-01 2.381015620787284792e+00
4.469645200200156876e-01 2.358840285314482976e+00
4.423651121974478406e-01 2.365284784598408407e+00
4.459882323400546911e-01 2.370893282053769369e+00
4.526635594577253507e-01 2.350230272593536895e+00
4.567106744355688974e-01 2.355261107765910911e+00
4.556435644756826053e-01 2.362863337922660900e+00
4.477599832911944300e-01 2.370068289582332621e+00
4.495209791365932239e-01 2.368017417214328457e+00
4.521989746247501163e-01 2.381816971094338875e+00
4.527052676051896429e-01 2.362597480300343555e+00
4.449429699593310805e-01 2.358147519762080258e+00
4.527816497675145602e-01 2.370633689046308668e+00
4.504111259861202643e-01 2.364989222199025853e+00
4.505798072688765310e-01 2.368903607452633953e+00
4.587282788778657694e-01 2.352276828291108846e+00
4.476676151148506477e-01 2.370674883171503211e+00
4.608598755705857197e-01 2.357752270130083705e+00
4.552070807818084375e-01 2.368477529726770836e+00
4.430378644623763629e-01 2.373610230827213563e+00
4.424328843204884953e-01 2.388527835917043429e+00
4.470983798488303296e-01 2.353204453059030143e+00
4.468945458032039242e-01 2.371148007960059090e+00
4.444974776195589339e-01 2.366380151874373894e+00
4.625145946761765048e-01 2.340029829874210154e+00
4.640169187779448201e-01 2.372067264012787557e+00
4.625254898547511151e-01 2.361817315555990504e+00
4.433340416784440907e-01 2.370566659753554628e+00
4.624103980541182657e-01 2.363516160990151160e+00
4.426502420917315939e-01 2.366135763272934955e+00
4.498247838478382499e-01 2.374725321921162369e+00
4.604772457624146109e-01 2.352550913307590807e+00
4.601906122730348714e-01 2.355493700159824400e+00
4.558286893826614672e-01 2.356062415725086900e+00
4.533018928154454175e-01 2.364768367216385059e+00
4.442155761347307275e-01 2.382756199677114051e+00
4.505408468106187891e-01 2.373217507691098849e+00
4.559619760758876761e-01 2.356393957429445685e+00
4.480553313525534875e-01 2.384460951781058657e+00
4.499201715253939859e-01 2.375611410338600571e+00
4.567827041881767913e-01 2.351962072844777207e+00
4.543148965221729951e-01 2.362647742031976694e+00
4.521664958986948979e-01 2.351948496976984604e+00
4.498691811238831328e-01 2.346552069288691644e+00
4.530159803613826863e-01 2.352254640724608770e+00
4.442720662662359987e-01 2.377208258859799805e+00
4.546996225369789313e-01 2.364728143673435756e+00
4.492005438208805379e-01 2.353252582622452405e+00
4.445350151948517237e-01 2.354803117267413093e+00
4.533712769882152771e-01 2.350581439556677310e+00
4.486547310663107635e-01 2.363250271487245424e+00
4.579327009387327840e-01 2.359632166633303108e+00
4.474408128622587855e-01 2.360297016388642533e+00
4.555257940807387329e-01 2.374772222102124797e+00
4.514274589126809900e-01 2.356355550151901568e+00
4.520832905281714775e-01 2.372499216872683281e+00
4.558019263863695159e-01 2.364733442021679455e+00
4.602273872860407899e-01 2.361489879315453067e+00
4.403717489948893449e-01 2.370368281217019035e+00
4.415774797371429528e-01 2.368751702044259222e+00
4.538336997449348709e-01 2.360041003866665044e+00
4.499465544202280176e-01 2.383809267850060643e+00
4.574796230038939981e-01 2.368339931336672421e+00
4.617340235424881034e-01 2.366255919558969634e+00
4.622362635104858009e-01 2.356845140864150423e+00
4.485632888222476078e-01 2.367488389210709698e+00
4.559222939834062793e-01 2.347483745478588180e+00
4.508572537280997605e-01 2.361133812441543522e+00
4.469161815618913347e-01 2.357435707300578720e+00
4.488584441045566642e-01 2.364120409610503515e+00
4.457211308378838388e-01 2.369769631937389764e+00
4.555275042834248667e-01 2.370230428540361256e+00
4.537742627901231729e-01 2.366524401300057701e+00
4.531842720204159458e-01 2.360737725132523668e+00
4.467706082414643065e-01 2.377516485141432767e+00
4.453819501611010478e-01 2.352672996257214155e+00
4.538249667349658067e-01 2.365194944800115273e+00
4.488236187619379369e-01 2.360648540669217699e+00
4.533955557140803005e-01 2.359810362955441665e+00
4.474920965124427608e-01 2.365115145760376070e+00
4.565766254767631427e-01 2.363434853337904595e+00
4.577840212244948526e-01 2.359833282014009992e+00
4.657717424110729421e-01 2.361196941327746934e+00
4.556771564370551975e-01 2.350984496232477294e+00
4.572276733679773164e-01 2.341087743664128862e+00
4.523437436132765055e-01 2.364919565721952832e+00
4.603135509918738211e-01 2.355717774664195741e+00
4.549519184066689870e-01 2.346602342458976143e+00
4.527147972857839542e-01 2.354456178896477070e+00
4.599626877658076762e-01 2.370982326005329099e+00
4.602729282248764209e-01 2.352240655340775088e+00
4.564828410277979032e-01 2.358264391878092336e+00
4.487409553416295549e-01 2.351699733871539078e+00
4.398576103367465295e-01 2.356639093490958459e+00
4.492265562786028066e-01 2.365458407127819740e+00
4.480527504429857033e-01 2.353891832289138453e+00
4.526710075131040734e-01 2.342761637490983873e+00
4.562767803694464663e-01 2.360055386693331148e+00
4.455394535937060030e-01 2.349507804626009833e+00
4.501357881317651910e-01 2.347922666622931587e+00
4.430669850739453186e-01 2.377044046085720730e+00
4.519493633971702340e-01 2.349254967408883399e+00
4.445215352457292934e-01 2.360383197737677907e+00
4.481593070117738109e-01 2.363072411395228389e+00
4.538720780269276389e-01 2.347345335486807461e+00
4.568623158435337062e-01 2.353717727568272799e+00
4.585892965477552652e-01 2.358599664552687880e+00
4.494381850032752590e-01 2.366253943443183072e+00
4.493231382022312426e-01 2.366239355893233309e+00
4.534724350256551517e-01 2.379905182645081663e+00
4.559023787888777934e-01 2.361490551025480222e+00
4.479164108071969630e-01 2.351979486911811357e+00
4.561170730068325185e-01 2.364481962133678117e+00
4.521719710662364111e-01 2.360494732137423668e+00
4.506534732201038507e-01 2.363403279438891946e+00
4.618784128701918235e-01 2.347745418074737245e+00
4.506722246083557648e-01 2.365967622497350042e+00
4.616602321096520689e-01 2.353106037266238459e+00
4.556923189517380623e-01 2.362502923408056787e+00
4.456117622500161968e-01 2.365377879614994239e+00
4.432198283882304857e-01 2.382472351177183256e+00
4.485824897655671384e-01 2.352211064150917519e+00
4.506567305023793102e-01 2.367014137177450017e+00
4.454841309815966710e-01 2.360867180132445231e+00
4.644525825141352371e-01 2.337444328076392353e+00
4.646776714330315139e-01 2.371789210977998774e+00
4.658061651994284125e-01 2.355153518744018459e+00
4.455889961100801266e-01 2.367753817369252278e+00
4.637421908106588719e-01 2.358415644479935569e+00
4.463478390017390773e-01 2.361252419119132639e+00
4.537737092241294068e-01 2.366257285757785489e+00
4.599716292127348782e-01 2.347185208485003560e+00
4.617930788075979565e-01 2.349684406756155308e+00
4.575634553840232099e-01 2.349822419983001787e+00
4.568251011556863639e-01 2.359888522766233176e+00
4.476098073413201095e-01 2.376536982835121936e+00
4.510359260462061815e-01 2.373459802120259088e+00
4.537005401195208232e-01 2.356452830770040752e+00
4.493088875002603233e-01 2.381841732860864091e+00
4.490896456231156519e-01 2.376092878181088164e+00
4.570103361155467558e-01 2.349010995966836379e+00
4.541781281609259535e-01 2.365065176642946021e+00
4.524955861291342640e-01 2.349978079681121823e+00
4.515662852115856496e-01 2.343792246561196002e+00
4.511166826834721033e-01 2.352969375087445858e+00
4.449039152760310145e-01 2.375834692927564440e+00
4.528583504600325327e-01 2.366147789634198251e+00
4.487020728214100029e-01 2.353300732660583705e+00
4.430404995849338556e-01 2.356789057207674176e+00
4.525645658141609351e-01 2.352934866933772629e+00
4.501721789908370019e-01 2.355074316115030264e+00
4.583522824552548336e-01 2.360953100720791564e+00
4.470143778469213292e-01 2.361876068114458160e+00
4.552799490780569114e-01 2.377068860794108840e+00
4.512751083415660336e-01 2.357581548789624559e+00
4.513031546593854748e-01 2.372172893109356195e+00
4.553432235770269454e-01 2.365549759706697230e+00
4.585520775393262527e-01 2.362919095481674781e+00
4.395965766924988527e-01 2.375401797151919681e+00
4.409052955795312312e-01 2.371352638198657825e+00
4.531391304181794366e-01 2.363003877686534082e+00
4.487516489368575945e-01 2.387299534458949157e+00
4.550171484002784039e-01 2.368365908278649901e+00
4.614000556771065131e-01 2.366912538175789393e+00
4.616694376653964760e-01 2.358519744756300884e+00
4.473485806476736881e-01 2.369130609446199909e+00
4.556421002483357352e-01 2.346825290345273984e+00
4.504076050751008031e-01 2.362575775901794017e+00
4.482104013411167265e-01 2.351266940236925507e+00
4.489549628206839227e-01 2.364001896414397397e+00
4.430746071546822207e-01 2.371331419104851346e+00
4.558919775655844164e-01 2.371304173230000867e+00
4.537225748620101196e-01 2.366848689887041335e+00
4.523339951202112186e-01 2.359558034065134091e+00
4.466841494868872831e-01 2.375487092211661544e+00
4.457754492529380497e-01 2.352025229405255047e+00
4.538771578168617760e-01 2.365075289982081941e+00
4.502330298864901659e-01 2.358334293639388068e+00
4.531042435311636307e-01 2.362665412230601003e+00
4.478963619302433474e-01 2.365426815053620846e+00
4.562515013424052746e-01 2.364725628792061052e+00
4.564443931522653153e-01 2.363911555556152511e+00
4.631347507703297839e-01 2.365957096835538565e+00
4.560915118638576571e-01 2.351197612516898072e+00
4.573833962042521128e-01 2.338848562305936962e+00
4.540207698485474452e-01 2.365964878279531725e+00
4.595489352043141129e-01 2.357645843286632736e+00
4.557839982227714914e-01 2.341048073228760185e+00
4.522096330880855941e-01 2.355321531955611114e+00
4.598643785275257079e-01 2.367758445170535797e+00
4.577069605159980736e-01 2.357598983603799159e+00
4.572748210649216216e-01 2.359419102683149028e+00
4.496963964473758568e-01 2.350053432529465525e+00
4.397478809982069414e-01 2.357400367700133614e+00
4.482436682271065398e-01 2.369800097701606933e+00
4.472575074369144477e-01 2.354899051596333948e+00
4.542728818014256653e-01 2.342771535301732655e+00
4.548662500934752551e-01 2.358811096964617882e+00
4.461830603848178645e-01 2.349167808988638306e+00
4.472329895654711951e-01 2.349228577031450715e+00
4.434188514106906509e-01 2.374692855178387241e+00
4.511187454793119667e-01 2.349271000267750154e+00
4.437262673135080049e-01 2.359571203036452847e+00
4.468655458980866912e-01 2.365654971730183576e+00
4.549210544339031270e-01 2.347830889348701877e+00
4.570156174338022570e-01 2.355064904910526558e+00
4.582605007425356591e-01 2.357052359023930954e+00
4.498614585376681796e-01 2.367206553293119242e+00
4.493378059444115835e-01 2.366739255916840090e+00
4.523819733345865179e-01 2.380713981969026172e+00
4.541050409315225411e-01 2.361768578620352610e+00
4.483031340458401015e-01 2.352272115461434776e+00
4.556734432419423664e-01 2.363507485981787504e+00
4.510328530882307119e-01 2.362101986368909667e+00
4.503888133668916272e-01 2.364812669736883421e+00
4.583698974298549556e-01 2.353294145102797330e+00
4.486331329415366720e-01 2.365145585159530217e+00
4.629444296609086518e-01 2.353353601182214039e+00
4.549024351565292834e-01 2.366028787765857455e+00
4.460833107329433833e-01 2.365021179467080792e+00
4.439989037963155138e-01 2.383085776956091806e+00
4.492432917834138784e-01 2.353204307054130862e+00
4.511174888312438624e-01 2.367362313549121744e+00
4.456078380913675585e-01 2.364136724634192444e+00
4.641100206830979236e-01 2.339147695980390740e+00
4.645931705875250284e-01 2.373030293790932888e+00
4.639806859157920016e-01 2.355490145003328095e+00
4.440241420905917669e-01 2.367128491788271116e+00
4.628519694850415367e-01 2.358340497304300953e+00
4.451913692340745965e-01 2.362194185473354580e+00
4.536159047492167029e-01 2.367033705836117718e+00
4.602420888589004444e-01 2.348624758168659010e+00
4.619705970520722738e-01 2.350190234423728430e+00
4.579775967302861517e-01 2.350644405994625430e+00
4.554078235399658392e-01 2.360144228410221423e+00
4.479881302366357509e-01 2.375945215014661382e+00
4.500942426397324114e-01 2.375797616247620425e+00
4.547554269072998645e-01 2.360624175510015466e+00
4.461712434932675886e-01 2.385671074097275302e+00
4.474470208979857699e-01 2.381774718998192597e+00
4.547827663317362545e-01 2.356277045171861761e+00
4.531012052901599030e-01 2.367535777305154632e+00
4.479138704492106604e-01 2.361173649769374716e+00
4.493080489884248019e-01 2.347606382638415479e+00
4.504300566625515923e-01 2.355948353848181576e+00
4.427667974957971153e-01 2.377357646524417056e+00
4.502108735140054052e-01 2.370762271770265439e+00
4.462044702335882795e-01 2.355654953904663618e+00
4.412798949434666440e-01 2.361973609845879452e+00
4.511553259040209096e-01 2.359152019417376955e+00
4.461090958997117051e-01 2.366152532279380605e+00
4.568817302362978006e-01 2.365589103816402972e+00
4.471008632337315492e-01 2.362540731622875700e+00
4.544111124674132807e-01 2.377795691932931277e+00
4.502024393011067604e-01 2.358476341998471337e+00
4.490668614129205150e-01 2.377268748537609167e+00
4.550431267577272898e-01 2.367007547357066866e+00
4.569741169459217156e-01 2.367120899902378728e+00
4.363978603806162870e-01 2.379157157240317844e+00
4.408579826731238160e-01 2.375408108239713822e+00
4.519458525321504716e-01 2.365034663242101765e+00
4.469782855087784390e-01 2.392111493412359735e+00
4.540003089195706609e-01 2.372930849191833946e+00
4.587196745090306726e-01 2.374563871524193903e+00
4.580895808676132552e-01 2.364508057303720712e+00
4.461172362679629577e-01 2.373175780848546523e+00
4.524223785761994909e-01 2.352004260799488211e+00
4.465957998313336286e-01 2.368744646113356556e+00
4.447821876010205067e-01 2.357549325918693928e+00
4.471472195559420548e-01 2.367555016729011808e+00
4.416343917621702309e-01 2.379370037050251963e+00
4.525684756237886019e-01 2.373946811278177194e+00
4.523525332263438337e-01 2.371903640355304876e+00
4.494445882601311171e-01 2.368734658774084512e+00
4.445443195301225781e-01 2.381509802289823785e+00
4.420687398629706277e-01 2.359824118733380161e+00
4.527506372125074674e-01 2.368084964540801973e+00
4.469543724233153159e-01 2.367198279008894790e+00
4.498399663520492031e-01 2.364810379123053252e+00
4.444321493087149966e-01 2.371583739462232110e+00
4.559717057613850710e-01 2.371811470132550337e+00
4.560593631564639483e-01 2.364976958755809378e+00
4.621669161969857997e-01 2.367216962522256996e+00
4.527326827198965842e-01 2.355854953215840819e+00
4.529010297024950726e-01 2.344596159906942034e+00
4.525029313316358270e-01 2.367763256008259543e+00
4.579280124857914025e-01 2.362247378648691498e+00
4.542001527145141937e-01 2.347428144724648114e+00
4.517041400096428738e-01 2.361209096472245861e+00
4.582368886157043297e-01 2.374651362595176174e+00
4.574224975728073961e-01 2.362336918799465391e+00
4.544127336073236489e-01 2.365466360351207609e+00
4.471907694188561599e-01 2.353861707432606032e+00
4.376358500087451642e-01 2.360611546522013438e+00
4.468516197316740324e-01 2.371632147172235250e+00
4.456284249512977857e-01 2.359205709001229945e+00
4.514885502568462550e-01 2.349155975839088750e+00
4.511281617789323906e-01 2.365264251484294977e+00
4.444255992707253355e-01 2.353849088836974524e+00
4.470142088722241502e-01 2.350237955934280532e+00
4.406552126657182211e-01 2.380967077876976035e+00
4.474384340553362316e-01 2.354105357605685178e+00
4.427125288135165260e-01 2.366559676399565326e+00
4.447847763932075704e-01 2.371655621615901488e+00
4.510899145626723894e-01 2.351737285738443095e+00
4.550215146110379028e-01 2.357729715591850184e+00
4.553991174636078387e-01 2.363312322689536504e+00
4.481642806030334825e-01 2.369264401264680853e+00
4.481907117064506396e-01 2.368531119600457924e+00
4.494343024064720860e-01 2.388634835945746104e+00
4.515759348050600863e-01 2.368091648770630719e+00
4.469374026173788539e-01 2.358166564960565648e+00
4.551525708373643231e-01 2.370777396172057738e+00
4.480677969863058330e-01 2.367390608263848062e+00
4.510858078865945253e-01 2.367436513970654577e+00
4.591859506058978413e-01 2.352480301575221588e+00
4.473891302670973125e-01 2.372040610806192884e+00
4.605790260808749759e-01 2.359021425346954803e+00
4.539856148204043929e-01 2.370247592642816148e+00
4.415599895493815263e-01 2.369855870722345159e+00
4.423614915444249451e-01 2.387248255928566376e+00
4.477080808131022049e-01 2.355607829050553548e+00
4.491127527311276624e-01 2.370455994744940398e+00
4.431775441222927658e-01 2.366739444602398379e+00
4.610419224266836258e-01 2.345723211808862896e+00
4.634438406628025309e-01 2.374054747753302497e+00
4.625214069466360711e-01 2.359141264236928048e+00
4.421501917933755577e-01 2.370576676808614724e+00
4.612627716917053200e-01 2.362870205724679540e+00
4.433290710268611434e-01 2.365338762938369754e+00
4.522860480062024791e-01 2.369323623276971880e+00
4.608976430954833670e-01 2.355478381540350608e+00
4.592139712460265866e-01 2.355736400524002683e+00
4.555588755425761249e-01 2.354722861599014117e+00
4.537534637031893081e-01 2.366641575278755738e+00
4.463357823689176329e-01 2.378934852434670510e+00
4.513954042597729810e-01 2.369622409438780331e+00
4.570186543424653025e-01 2.352159701141773862e+00
4.493607054042172422e-01 2.379294715539145955e+00
4.516594246051100492e-01 2.374168039185234225e+00
4.566330516974835829e-01 2.347685658823832622e+00
4.561034644855900266e-01 2.357403138981401192e+00
4.517861665573313368e-01 2.352617965913123665e+00
4.519765747885462481e-01 2.340380471584122102e+00
4.534588464923904327e-01 2.347961117378944529e+00
4.448679590606638978e-01 2.374304374516785998e+00
4.532265244533500437e-01 2.364480474053615389e+00
4.489730780638707119e-01 2.353244000821178350e+00
4.444825535939523342e-01 2.350365805932790764e+00
4.533360408298378608e-01 2.348542136521529322e+00
4.483018835538507552e-01 2.358387735945044028e+00
4.590688675953921716e-01 2.360966788069994493e+00
4.496116585967854240e-01 2.356947931606317770e+00
4.580953981695946031e-01 2.370901981188586305e+00
4.540611457503614390e-01 2.349541082416469084e+00
4.510838243453691443e-01 2.371180822353642803e+00
4.569289864272236823e-01 2.361522300510642047e+00
4.603341275646166131e-01 2.356937910854277174e+00
4.392647606015249728e-01 2.374411688126861097e+00
4.440934088107544309e-01 2.367851755509574829e+00
4.532380142107443333e-01 2.358848858354441802e+00
4.518207108993924637e-01 2.381539704530403867e+00
4.562350052742460971e-01 2.366525395579782920e+00
4.613863732867527490e-01 2.370063485283147031e+00
4.619246044861048950e-01 2.358084768598780911e+00
4.501446830008684064e-01 2.366913331646096186e+00
4.558211748421245879e-01 2.344886953025815846e+00
4.510042359137119705e-01 2.360815817550762752e+00
4.472153563354049344e-01 2.354874125276982255e+00
4.499057715609625641e-01 2.362441260962625300e+00
4.450247484692700373e-01 2.374022644314500941e+00
4.556490842788675777e-01 2.366777271396027338e+00
4.543626499793996243e-01 2.365230279940488511e+00
4.526679391007678022e-01 2.359261367159437128e+00
4.467165655269252356e-01 2.375684225042031805e+00
4.456212951587881776e-01 2.352293983594966775e+00
4.537297530726923100e-01 2.361815320727032930e+00
4.512269271381658675e-01 2.357487328255003955e+00
4.538326270558672992e-01 2.360256634241160612e+00
4.468725593923925099e-01 2.361222271158421204e+00
4.578608329825206713e-01 2.363927876703793007e+00
4.602597588895094294e-01 2.355052230236390542e+00
4.647797346503253491e-01 2.357937469777073858e+00
4.554766630843448127e-01 2.349094755342355789e+00
4.569794186187515761e-01 2.339393057076424753e+00
4.560699832125595377e-01 2.361374762988357912e+00
4.600096324606878229e-01 2.356087608367417818e+00
4.555983537551579476e-01 2.342732207958594604e+00
4.532889370723248712e-01 2.353394397914907010e+00
4.606252922228687985e-01 2.366534321179369016e+00
4.597293353799455362e-01 2.353538807054452509e+00
4.574896250167465039e-01 2.356548251516910941e+00
4.505334718560835006e-01 2.344406414465363131e+00
4.396584183187191019e-01 2.356364959997134800e+00
4.492996791213732521e-01 2.364068333380218601e+00
4.479545700077476322e-01 2.352475498343177929e+00
4.541093811102554501e-01 2.343473094612404939e+00
4.559595130010938857e-01 2.355410847816689746e+00
4.467333057562700716e-01 2.351051961178233007e+00
4.492443099921549221e-01 2.346183405145962464e+00
4.443534247597964448e-01 2.371814149586990883e+00
4.515450106911275685e-01 2.349515821448419750e+00
4.463051972665539879e-01 2.357690662527927472e+00
4.488678281248000834e-01 2.364043099681488957e+00
4.547596818681149400e-01 2.346745768357011208e+00
4.588604280620422471e-01 2.352210820037497374e+00
4.590235316557574885e-01 2.355589089996613428e+00
4.503438219566968659e-01 2.362046219224664956e+00
4.504380818862287472e-01 2.364740308598139329e+00
4.548913782792696203e-01 2.377856046854738281e+00
4.548457249825058613e-01 2.361857626893172135e+00
4.486254577249108033e-01 2.350234439939146380e+00
4.568382544857792493e-01 2.360596834914185926e+00
4.506564252455888542e-01 2.362766540709726915e+00
4.517214323954694133e-01 2.364090250450904929e+00
4.596684205646992538e-01 2.344648785080723385e+00
4.501432426793325337e-01 2.362209359707339473e+00
4.627014924179280730e-01 2.355038797414852336e+00
4.566999756477758132e-01 2.360836175120769376e+00
4.461119101524795849e-01 2.362602191483441416e+00
4.456358887769253929e-01 2.375239816983451657e+00
4.496427637680140976e-01 2.349012234680758926e+00
4.518125732485895329e-01 2.363557142877170225e+00
4.464841388964815860e-01 2.359328543782420962e+00
4.644395195953403555e-01 2.336645101479328357e+00
4.668151225426546702e-01 2.367875528972078314e+00
4.639377988236110806e-01 2.354435783078383526e+00
4.471079391441105666e-01 2.361697272459492680e+00
4.629724902446774037e-01 2.357345445448931986e+00
4.473832105389453639e-01 2.356244334465172674e+00
4.535769265892884983e-01 2.363686120030833226e+00
4.643913011446360595e-01 2.344510704992017303e+00
4.615681998961037036e-01 2.348193553037737136e+00
4.584207565724364164e-01 2.349455555322923050e+00
4.566004473914859751e-01 2.356655292224731024e+00
4.490475268983460388e-01 2.372921957894454259e+00
4.544493396710216904e-01 2.362936056456002021e+00
4.614215542463441233e-01 2.346647254463349430e+00
4.524687966726244071e-01 2.373210988208310557e+00
4.537555248981463007e-01 2.367634825374266061e+00
4.612540386019712835e-01 2.337014512865624560e+00
4.580482442534660747e-01 2.355273087418208178e+00
4.554129610294566644e-01 2.342835272870369412e+00
4.550823104802717567e-01 2.335901789663548112e+00
4.547552930551133077e-01 2.343665762762139337e+00
4.478644578956594291e-01 2.364087156195143979e+00
4.571918122267272788e-01 2.357010508969564100e+00
4.517276886800246083e-01 2.347790570783542030e+00
4.470722098526623833e-01 2.349050632215617718e+00
4.562147195642081154e-01 2.344196094752333703e+00
4.527819814386854214e-01 2.348438182262572838e+00
4.609374278515402934e-01 2.350995930401388989e+00
4.515758152741753961e-01 2.348463951685409778e+00
4.602929222300898848e-01 2.364238779944915603e+00
4.555502452915786704e-01 2.347102956165283860e+00
4.558124600133639515e-01 2.363770087079032134e+00
4.594723695037229438e-01 2.352943927591897300e+00
4.648734666255802672e-01 2.351331760485091404e+00
4.418155704860893818e-01 2.364236314913653381e+00
4.444918262450511248e-01 2.360915906085088611e+00
4.558542791824955476e-01 2.353590139197685893e+00
4.526661516660462348e-01 2.377942046431711809e+00
4.615334130864524598e-01 2.357325277155136067e+00
4.650863613356428505e-01 2.359050480424799368e+00
4.651618163897494052e-01 2.349201973259701592e+00
4.510755239355563329e-01 2.359312230812033562e+00
4.582339689795256188e-01 2.338803434157426864e+00
4.544529641693041411e-01 2.353514503873912922e+00
4.509859646536509836e-01 2.344865077861597591e+00
4.517539372559596922e-01 2.355154785701502718e+00
4.485110941902090698e-01 2.362973437584073633e+00
4.572434838240033717e-01 2.360043190248693801e+00
4.565102989361489172e-01 2.361043197273335004e+00
4.568960980829910312e-01 2.351052184091361852e+00
4.507628935365985412e-01 2.365998297934840178e+00
4.477021283958652620e-01 2.346503009327498113e+00
4.574253825725481670e-01 2.356982143438090649e+00
4.513518760042535827e-01 2.354798790674192954e+00
4.558152136852221537e-01 2.349599796574143529e+00
4.498571819387028325e-01 2.358374656621703647e+00
4.602390859925162836e-01 2.357813605091523712e+00
4.612911999239115990e-01 2.348953969856089508e+00
4.684777989770061990e-01 2.354621277481617536e+00
4.583610930501537117e-01 2.340381365535582070e+00
4.590214733207045317e-01 2.331503370580771950e+00
4.585877624087653093e-01 2.353229799354727980e+00
4.641465309975196241e-01 2.345596717701713185e+00
4.592741478753254447e-01 2.334474028081831243e+00
4.561458635966939568e-01 2.346860130712130843e+00
4.643254930492854982e-01 2.359835541984313778e+00
4.616165547567063210e-01 2.352167547131104541e+00
4.604726347713021806e-01 2.348135394592994363e+00
4.528380401485381235e-01 2.340885899803865744e+00
4.431373525170586580e-01 2.349029932959435740e+00
4.529283489661372619e-01 2.359047180594083581e+00
4.519159347548258321e-01 2.346038044284852297e+00
4.578809783381648790e-01 2.333892636597472148e+00
4.598307553893806743e-01 2.346882630953310844e+00
4.514288119796694421e-01 2.342284540497011402e+00
4.529218295994152932e-01 2.339095933704868457e+00
4.467947970587706763e-01 2.366689522967525772e+00
4.547517592497540284e-01 2.341836275191440109e+00
4.490700283083280953e-01 2.348702046040873626e+00
4.527564718592782533e-01 2.354804082849510483e+00
4.583857090907571541e-01 2.336386317637064725e+00
4.610327478429122050e-01 2.344028089428873862e+00
4.608897621024294899e-01 2.349258280871806992e+00
4.548425458449010250e-01 2.354987683793453357e+00
4.545737828092740740e-01 2.353477820468021786e+00
4.566524266682426281e-01 2.372819958723582534e+00
4.585694389846765029e-01 2.353645502804286860e+00
4.516908353982901358e-01 2.343956508714691189e+00
4.594461860004148135e-01 2.353750285056197988e+00
4.533759073380297377e-01 2.354361403879937420e+00
4.567177550730622815e-01 2.355461159016337014e+00
4.636836824364554133e-01 2.340246930262222413e+00
4.539505162103007474e-01 2.358222064177510457e+00
4.657101101594955939e-01 2.344772979788642964e+00
4.601195544091563616e-01 2.355593300108258958e+00
4.494063211967039284e-01 2.357374962541458618e+00
4.477520970178516801e-01 2.371218646629103421e+00
4.539662301698627611e-01 2.339102251429073576e+00
4.541666480337734901e-01 2.354265876655653678e+00
4.484436946109905398e-01 2.352166344718020330e+00
4.669860428793534135e-01 2.328916716612102533e+00
4.678785286660185894e-01 2.361999451149159768e+00
4.686405933196405860e-01 2.341408007964298488e+00
4.494477411407473144e-01 2.355563390070220198e+00
4.676787268841878231e-01 2.349779812512034827e+00
4.481250856114029069e-01 2.352965812301560877e+00
4.582733778637339550e-01 2.356136422516906581e+00
4.654146721749360394e-01 2.339883841436054546e+00
4.649016559303775775e-01 2.340788672469983123e+00
4.588561617715098961e-01 2.344671136204008022e+00
4.594910912185101171e-01 2.349656970747351359e+00
4.519985255604065943e-01 2.367752087274546557e+00
4.504212789334097744e-01 2.371894927958395183e+00
4.557364150172379391e-01 2.351971400144698965e+00
4.485117440882905315e-01 2.379916721872912699e+00
4.517707327772408910e-01 2.372763525339306234e+00
4.571651071609909578e-01 2.346853756663235036e+00
4.553501084913667563e-01 2.360205572684585196e+00
4.536491974632757551e-01 2.351314875147842987e+00
4.531044466723548880e-01 2.340092126457536281e+00
4.543801613608346446e-01 2.348749600395900305e+00
4.451677615944359956e-01 2.371869569920587395e+00
4.541765641272662024e-01 2.361045340441254581e+00
4.482749170303459985e-01 2.353050126272173692e+00
4.429341869118529340e-01 2.353640958636216141e+00
4.543081429247517455e-01 2.347949747004052679e+00
4.501877349913254722e-01 2.358883259678806077e+00
4.596012524738208871e-01 2.358194228611216747e+00
4.500805328358261082e-01 2.353051764703232962e+00
4.566585731169421347e-01 2.373214862194061858e+00
4.517802938405964253e-01 2.355230994224453145e+00
4.524934602160413100e-01 2.370778822400064989e+00
4.565506993682291736e-01 2.360739539170131795e+00
4.605692680518322923e-01 2.359146817217043335e+00
4.419364368425846012e-01 2.370044294022978004e+00
4.437256345596764517e-01 2.370265132569796762e+00
4.526594476576943360e-01 2.359786346239926225e+00
4.501442748900415514e-01 2.381984594707495795e+00
4.583476661033200616e-01 2.363715806403984931e+00
4.623352053724436028e-01 2.363645588436899203e+00
4.628533035246997773e-01 2.354713663908440946e+00
4.501429518369433613e-01 2.366275874345101560e+00
4.562047708253068601e-01 2.342006528671060739e+00
4.519235705495042721e-01 2.361092889709737186e+00
4.460861127672539617e-01 2.351967464242805672e+00
4.495041480227809361e-01 2.358441108916627282e+00
4.457899595150280336e-01 2.368042205445363368e+00
4.568472486233036700e-01 2.366030228611124109e+00
4.541030645824535306e-01 2.364803231348155066e+00
4.537236512734423854e-01 2.357760727463008354e+00
4.476332018068803209e-01 2.374710487915538515e+00
4.471308750448087510e-01 2.350920445773542422e+00
4.543691963603364581e-01 2.361737336789035524e+00
4.499490548673536483e-01 2.358778790601167241e+00
4.531815185654123335e-01 2.357387009094193075e+00
4.469886057628761900e-01 2.363881945133908591e+00
4.585375244793408744e-01 2.366253147044826477e+00
4.591435010927768512e-01 2.355842481470153071e+00
4.648947920058232319e-01 2.360860366351370310e+00
4.576177821124511325e-01 2.345873053711763578e+00
4.570527436421323864e-01 2.336244680379310434e+00
4.561982520860258239e-01 2.359890843109030634e+00
4.605275939640658400e-01 2.353293071475067055e+00
4.583783120442025405e-01 2.338784005313668590e+00
4.537188713943179352e-01 2.353079902718132832e+00
4.612369759558688775e-01 2.364511430610813925e+00
4.606857078201931910e-01 2.354231445806242995e+00
4.572092786119881236e-01 2.355926681853307780e+00
4.504320827376039893e-01 2.346549534437154971e+00
4.407318454363702287e-01 2.355263021541202928e+00
4.476329724094410545e-01 2.366869028540652842e+00
4.498646336560580550e-01 2.351905658759200435e+00
4.540469962614314681e-01 2.338488643733507732e+00
4.559484747489903067e-01 2.354008119128498500e+00
4.481057801470488822e-01 2.348324787157629157e+00
4.502662085606751186e-01 2.346325835102639701e+00
4.431985849179254644e-01 2.375064206627615526e+00
4.521993061088496746e-01 2.347710836877099361e+00
4.454526099190731503e-01 2.355827649911086397e+00
4.486151768335960854e-01 2.363770498475866511e+00
4.542121188829421619e-01 2.346303021218255402e+00
4.590896536342706225e-01 2.349569211634633614e+00
4.592812952070890464e-01 2.356275021747713527e+00
4.517252140613350897e-01 2.361917719970860752e+00
4.501229042267672620e-01 2.361386305845504019e+00
4.536217638639687411e-01 2.377227647186166859e+00
4.552586261293366521e-01 2.362376744400942474e+00
4.483997915023277270e-01 2.350525554461550648e+00
4.569237529211152005e-01 2.362966451215172459e+00
4.519574556294517764e-01 2.361600237788378021e+00
4.508266799855484286e-01 2.364716453554748465e+00
4.612576786892237379e-01 2.346669772064049919e+00
4.488138343084682735e-01 2.366216091418316125e+00
4.640176327388282340e-01 2.350599330843904156e+00
4.562845945520785373e-01 2.360138812653964635e+00
4.461385469992603658e-01 2.364298401829590279e+00
4.462853176606784156e-01 2.375664258070896206e+00
4.496854214837058272e-01 2.350603470884486068e+00
4.516734665169980789e-01 2.362020258527806060e+00
4.466891584129465409e-01 2.361662594236768165e+00
4.640323935007299450e-01 2.335502226983059426e+00
4.660717769880157735e-01 2.366059618173155243e+00
4.662566071319153016e-01 2.354806536597203070e+00
4.459154885771216548e-01 2.361350498463792302e+00
4.640713657810135451e-01 2.357845706669610575e+00
4.452599027205947912e-01 2.360148010650197303e+00
4.541692421294673543e-01 2.366099239509644292e+00
4.626615012691442375e-01 2.346002298554077381e+00
4.607360231055369071e-01 2.346114769894030783e+00
4.583222200117534340e-01 2.348521233110867801e+00
4.560466411714846346e-01 2.357986292570820819e+00
4.479402799307556360e-01 2.374074714088626692e+00
4.497553319553719842e-01 2.372832600637036382e+00
4.569145760042948035e-01 2.354964973286877594e+00
4.472178331021144371e-01 2.382615738522285032e+00
4.491606938924767589e-01 2.378128571435801586e+00
4.567570146770318362e-01 2.349745617363392380e+00
4.534294811810969383e-01 2.366778877266056735e+00
4.521990361563366090e-01 2.354410805488390768e+00
4.500998286234665358e-01 2.345990845395275581e+00
4.522596315070882556e-01 2.353069386852860045e+00
4.429681159481074770e-01 2.374760808511144017e+00
4.532404794039915918e-01 2.364261550568259818e+00
4.477056158252498697e-01 2.354411898494603417e+00
4.435089715478271466e-01 2.357559834759892947e+00
4.513686468698250853e-01 2.355505114461353688e+00
4.469996126924330460e-01 2.359278409408275046e+00
4.580113076289213936e-01 2.362782961951892080e+00
4.466137209914380346e-01 2.358503627492471111e+00
4.561274101224792044e-01 2.376033283581792777e+00
4.502283454540197960e-01 2.359626058486651967e+00
4.513997277932518815e-01 2.372711873079579536e+00
4.560354368719880536e-01 2.366081193772950453e+00
4.580519421401995639e-01 2.364700702089512330e+00
4.380835774436785401e-01 2.372507677065748499e+00
4.411434171052589504e-01 2.372160595760234525e+00
4.522736770575945253e-01 2.363512275023868625e+00
4.492264513221838063e-01 2.385348399792699414e+00
4.557107487322603623e-01 2.368894048607149028e+00
4.611909623710062078e-01 2.367443636166700838e+00
4.612688047311199746e-01 2.361343259374799608e+00
4.484138170313715643e-01 2.369661379913519994e+00
4.570968400653518948e-01 2.345464331652705514e+00
4.487119031362364896e-01 2.365515659842771790e+00
4.457780636330202495e-01 2.356084509472156974e+00
4.495016535608582497e-01 2.364979162293454618e+00
4.446538674011726311e-01 2.375524015055185068e+00
4.552644289066451466e-01 2.369529904508067109e+00
4.547188028278292826e-01 2.370388760138923079e+00
4.521219380843749525e-01 2.363308358782261198e+00
4.461230586154558697e-01 2.376082850656187073e+00
4.447892794832127294e-01 2.355931334707048297e+00
4.542936182695322400e-01 2.364962335555561790e+00
4.484826911411647354e-01 2.360834539622371775e+00
4.544180281510866171e-01 2.359455028274864752e+00
4.468512940837897629e-01 2.367365864218177407e+00
4.560217223041315715e-01 2.363871990400618461e+00
4.576328292164236755e-01 2.361546094342040547e+00
4.645710939138618656e-01 2.362108026303002983e+00
4.540358432854723625e-01 2.348143614525187495e+00
4.560408193432279322e-01 2.339452609799035798e+00
4.522557884635334813e-01 2.365415642744504332e+00
4.596358766901142423e-01 2.358849549264221857e+00
4.550240840609577342e-01 2.341987595736203076e+00
4.525853343531943684e-01 2.357842399080277485e+00
4.601560194523695579e-01 2.368222682558323910e+00
4.585937907216183773e-01 2.357434786894784473e+00
4.557964254037030760e-01 2.358642767948520014e+00
4.505141442406105923e-01 2.347931720644583997e+00
4.398679574188769092e-01 2.358692005682928361e+00
4.491076799937320230e-01 2.367448202296964954e+00
4.475855529599608307e-01 2.358028834038449428e+00
4.526805927410716968e-01 2.346386471345388358e+00
4.533718445771678929e-01 2.358373735562130147e+00
4.469524965418862905e-01 2.348873484270599388e+00
4.491985095983144771e-01 2.349073416461951780e+00
4.453847454138591955e-01 2.374104413814815295e+00
4.504881376208353938e-01 2.351771051975630744e+00
4.450614554874999240e-01 2.359792045879016253e+00
4.472426457380812015e-01 2.365574989343651513e+00
4.555846041178805428e-01 2.345129574252319937e+00
4.574630972077320945e-01 2.356158900000774548e+00
4.568867134472520686e-01 2.358568725147107692e+00
4.492894221502903851e-01 2.364815617838406325e+00
4.498485238461324975e-01 2.369389752455233644e+00
4.534682076001247952e-01 2.379628704618270252e+00
4.532363805106767174e-01 2.363865037641684541e+00
4.457423460828174866e-01 2.356828681920029922e+00
4.544264011799261649e-01 2.364712679563179432e+00
4.511061785303148164e-01 2.366019552349463151e+00
4.503688370496965465e-01 2.366421112992246112e+00
4.595163173087017383e-01 2.349339348160272234e+00
4.510646526741755591e-01 2.367407019536140744e+00
4.612422107840900010e-01 2.355703687790016154e+00
4.562787350594381119e-01 2.364658557350914236e+00
4.451115129292799732e-01 2.366145841317002230e+00
4.441317516574352919e-01 2.381857628483155853e+00
4.489512261090627399e-01 2.352161020932302282e+00
4.520231073110847486e-01 2.364467583038609266e+00
4.445881721208084225e-01 2.364070931574829171e+00
4.655127274750037736e-01 2.337899208221076552e+00
4.643237372484367853e-01 2.370678752190384930e+00
4.636933928907347457e-01 2.357524154985857656e+00
4.441743049457537729e-01 2.363640605814079532e+00
4.618227036508110728e-01 2.361730182544000023e+00
4.448040127606736061e-01 2.362594569222142393e+00
4.538318031816055975e-01 2.366062102279277823e+00
4.626406425657685895e-01 2.350431122115473670e+00
4.601065557057409938e-01 2.348122057786869554e+00
4.566330766665518959e-01 2.352809511704357703e+00
4.568850701018324356e-01 2.357029827256001742e+00
4.477357169107964996e-01 2.377376541735247706e+00
4.491662084333869487e-01 2.375438542160065669e+00
4.545810682152935378e-01 2.359284218130231370e+00
4.469515737866711635e-01 2.384975841741088676e+00
4.483400024047629051e-01 2.380803295704245315e+00
4.562320683809401589e-01 2.353770137801469264e+00
4.520517745226338979e-01 2.368294060767075049e+00
4.503234581665963576e-01 2.358429048776386150e+00
4.467474385468285791e-01 2.351667862538417975e+00
4.500007126066404295e-01 2.358161102458777414e+00
4.421606455348928155e-01 2.379738146294901657e+00
4.504540126145095691e-01 2.371189268403671058e+00
4.473717609316470445e-01 2.357791738232149381e+00
4.423997267922039067e-01 2.359411740216065034e+00
4.505177966831751535e-01 2.360492862708149620e+00
4.469094526448579852e-01 2.362272940194066972e+00
4.554506928065655269e-01 2.366643743377391029e+00
4.480446340370591307e-01 2.360339031793665665e+00
4.544162903386166907e-01 2.379722291420856450e+00
4.509564344801072489e-01 2.359324584638352373e+00
4.497663306307478348e-01 2.374973731263116949e+00
4.537661457286762956e-01 2.364770602668400112e+00
4.571938226331263011e-01 2.366997680801647519e+00
4.377047053057005477e-01 2.377469800847409775e+00
4.407968707418279952e-01 2.373540721643021101e+00
4.501861140562075647e-01 2.366661646330563862e+00
4.470186055928194735e-01 2.390977106602584445e+00
4.553554468894924767e-01 2.372322749156750454e+00
4.591950722928638817e-01 2.372821333230958452e+00
4.600282955966986109e-01 2.364086170355976790e+00
4.476924389486236500e-01 2.372469137083291546e+00
4.549537447807585622e-01 2.350225018027101154e+00
4.484355041392347752e-01 2.367753373806536832e+00
4.436087309069435825e-01 2.361022772642316525e+00
4.478317131144931018e-01 2.367923738005862866e+00
4.430176274477424792e-01 2.376125665170450318e+00
4.533033189961609422e-01 2.372222478735740214e+00
4.514911731243640425e-01 2.372242601976285670e+00
4.522146223666782539e-01 2.364745482131342946e+00
4.454470267096504732e-01 2.379439182527278263e+00
4.423398519300319465e-01 2.358567581630926391e+00
4.524467037653777113e-01 2.370157960552819354e+00
4.474150726766272235e-01 2.367288733632120667e+00
4.509799710971793552e-01 2.362195528761726226e+00
4.449182371112292977e-01 2.371803530986280162e+00
4.532740319583593025e-01 2.372476963938926708e+00
4.568937742882124842e-01 2.364695397403840271e+00
4.621399910238131459e-01 2.365497457421325667e+00
4.538590863761050587e-01 2.353450751280758091e+00
4.541733398642381347e-01 2.344872231918017302e+00
4.533263080835274184e-01 2.366343515831351940e+00
4.571704276694280589e-01 2.359626769918888645e+00
4.554153741365807861e-01 2.343847170119525369e+00
4.507784829457228692e-01 2.361330836150655532e+00
4.574390781095332148e-01 2.376213338067860725e+00
4.571366880091524698e-01 2.362552327610281111e+00
4.548989959000104277e-01 2.362255257796779695e+00
4.482292544880769336e-01 2.352467988328891924e+00
4.364697572145107562e-01 2.362538836869122694e+00
4.483207759675903459e-01 2.369269553549738561e+00
4.453422863797883990e-01 2.358768429390974752e+00
4.512510421347834533e-01 2.348337982672798585e+00
4.536151885486641722e-01 2.362054601796544251e+00
4.440336353216071119e-01 2.355696951211420753e+00
4.469974264652888940e-01 2.351470893196936363e+00
4.407160884941057621e-01 2.381187914289274232e+00
4.484761287251263218e-01 2.353800446472433361e+00
4.441168165069082630e-01 2.365236086562809259e+00
4.443995407511220352e-01 2.369981847773717121e+00
4.528505512989691728e-01 2.351867892217139211e+00
4.556625389347834232e-01 2.357538634223381280e+00
4.575977546887104452e-01 2.359370005937324599e+00
4.491670869085629958e-01 2.369959914726356587e+00
4.485030990080283719e-01 2.368160837041240363e+00
4.507211263678012059e-01 2.382851241515973939e+00
4.528673866422242011e-01 2.367070682326221753e+00
4.462370364609497542e-01 2.358149620897578291e+00
4.554753211891840459e-01 2.368191953818936213e+00
4.488687118300728751e-01 2.368751152599336329e+00
4.507934220852096718e-01 2.367808372600647804e+00
4.593914287538317653e-01 2.349535379097247301e+00
4.490958779093106590e-01 2.370112225332142053e+00
4.592318745518813028e-01 2.360848145101638540e+00
4.534273641466808891e-01 2.369282221750679263e+00
4.435571632641939765e-01 2.369155709473943716e+00
4.425626043836660695e-01 2.388114828613542517e+00
4.474278024152303912e-01 2.355824956857650143e+00
4.485054964475760353e-01 2.368857581648416311e+00
4.426308677922106694e-01 2.365964492335098424e+00
4.616003642454984401e-01 2.342815602882091675e+00
4.634109353260200126e-01 2.373411549014631916e+00
4.622506700716704220e-01 2.357905212446700816e+00
4.446291356580791554e-01 2.370104070125612417e+00
4.622858553101247270e-01 2.362502363015198892e+00
4.438962903605942478e-01 2.366764667600490757e+00
4.507971600619897212e-01 2.371976365521701435e+00
4.623730630230691863e-01 2.354361996156714820e+00
4.596119217247214284e-01 2.351368409345831800e+00
4.550971975660890179e-01 2.357119095630633154e+00
4.544053488270323182e-01 2.362942502729021843e+00
4.453743542476453210e-01 2.381923669543713817e+00
