4.576802916406463861e-01 2.343478704544536662e+00
4.575988386043374212e-01 2.347020043200453099e+00
4.584678359513677526e-01 2.345691436935000151e+00
4.578244345370869328e-01 2.345940269132927192e+00
4.585299836741778545e-01 2.342682819847068387e+00
4.584989117779082468e-01 2.342477178082885469e+00
4.584477907969667920e-01 2.341842118734902556e+00
4.583344159877891788e-01 2.344914888539792575e+00
4.580419091397031073e-01 2.345221348603968359e+00
4.566254422527193380e-01 2.345947645939930659e+00
4.585611015112113220e-01 2.344862866422479986e+00
4.591508250335989971e-01 2.341962442810237022e+00
4.567114020990899470e-01 2.349103273713597506e+00
4.581787381832937989e-01 2.342646147295401438e+00
4.586074584843866653e-01 2.346334348692402205e+00
4.575804011664561521e-01 2.348223112864109563e+00
4.589331539194316245e-01 2.344664292803143368e+00
4.586450804943388859e-01 2.344663675296831507e+00
4.584108727737034039e-01 2.345670172847271751e+00
4.576339135916485112e-01 2.345091064665844716e+00
4.582172035096684914e-01 2.345455135972288829e+00
4.579941249885550736e-01 2.344790153756857176e+00
4.586190090229522176e-01 2.344792616168207111e+00
4.579974707040845305e-01 2.342572512418810593e+00
4.584319346056907607e-01 2.345580812509234558e+00
4.600074738926140383e-01 2.344616618732631608e+00
4.587032922316572336e-01 2.346082239359713384e+00
4.588950118391642574e-01 2.345062536911268314e+00
4.586407764915695351e-01 2.344560760412870426e+00
4.582783847482023165e-01 2.344586918125995734e+00
4.575479390700921134e-01 2.342212058263883012e+00
4.567970567335614129e-01 2.348610157654983599e+00
4.599103307563369714e-01 2.344837871883976188e+00
4.588328927144612601e-01 2.343403085863286606e+00
4.586472896809898336e-01 2.342595216712548556e+00
4.579534187816836632e-01 2.346005961387243932e+00
4.578256715362433171e-01 2.343978738966635333e+00
4.580122295647532926e-01 2.342997217365902607e+00
4.576237621499877339e-01 2.343836892693843765e+00
4.575327372152914185e-01 2.344960334245927314e+00
4.587696681686255773e-01 2.344968410869479492e+00
4.576879368187511954e-01 2.346646944350514907e+00
4.579783987514730592e-01 2.342391779460635259e+00
4.595928098954791818e-01 2.343668723248200081e+00
4.583862718369124956e-01 2.345317986097163576e+00
4.578145437818248453e-01 2.345032548045959064e+00
4.566956706561591806e-01 2.346332224928590726e+00
4.592501865494981739e-01 2.343862413871736994e+00
4.566969244617445356e-01 2.345073880348649276e+00
4.583834521210897184e-01 2.344135142605157984e+00
4.570634466475259061e-01 2.346389289521830346e+00
4.601478341874457589e-01 2.343298532306775872e+00
4.580194945138119644e-01 2.345442606819022391e+00
4.593533117799225574e-01 2.342675256034152387e+00
4.603139721841936205e-01 2.343000157327628230e+00
4.585227404452528743e-01 2.340724509311965296e+00
4.590374343306918292e-01 2.342279628151806126e+00
4.595556990488815496e-01 2.344587391129879794e+00
4.583202630788367204e-01 2.346694058564245289e+00
4.581121466562687039e-01 2.343826131804536583e+00
4.576189466087793312e-01 2.345817829640908236e+00
4.570584885880099590e-01 2.345519621491203299e+00
4.576427770033595910e-01 2.346185652996655158e+00
4.587611240116247213e-01 2.341818905802182105e+00
4.569674991600997105e-01 2.344982874189565081e+00
4.591410412792856222e-01 2.345134379728612384e+00
4.577687598698316207e-01 2.345175600688166995e+00
4.586104139487549025e-01 2.342205257163567644e+00
4.585120124464957536e-01 2.344433108267130361e+00
4.577816752331037020e-01 2.344688030838652182e+00
4.587593963025031196e-01 2.343551450775266609e+00
4.582052307158687166e-01 2.342913129009244422e+00
4.577872661700487233e-01 2.344831352654003886e+00
4.582697430676650474e-01 2.343722466952168126e+00
4.577299346627626830e-01 2.347201689171353411e+00
4.580271422512145474e-01 2.344176069900615555e+00
4.588776100713216066e-01 2.341690511779228157e+00
4.581776598271199985e-01 2.343548239799595923e+00
4.580890687409343021e-01 2.344933167419576581e+00
4.575559758798750098e-01 2.344165844599043425e+00
4.602654973431252738e-01 2.343923063238839255e+00
4.575254535580616233e-01 2.344386911410265117e+00
4.594174782649260158e-01 2.345327739360416608e+00
4.577430245004822651e-01 2.345155850339883052e+00
4.571904347540612923e-01 2.344727147721398008e+00
4.599824828547956490e-01 2.345949217206441784e+00
4.577417582739654045e-01 2.346054428942011771e+00
4.568985800893781701e-01 2.348132157496990224e+00
4.569365782188358760e-01 2.342544842809536565e+00
4.591427003450297417e-01 2.342464128028423964e+00
4.586465355760404594e-01 2.343056196803589231e+00
4.591109074441720450e-01 2.343769865472939085e+00
4.575966443122230221e-01 2.342880944377294217e+00
4.567368247825037697e-01 2.347930133178750545e+00
4.600703931808594604e-01 2.342781573056030631e+00
4.585597637916173364e-01 2.344400708099381614e+00
4.577831238086556565e-01 2.343849400235026970e+00
4.582795827483037154e-01 2.344716815466793669e+00
4.570689497175223770e-01 2.344694554501309369e+00
4.574737976558244656e-01 2.347085468773982608e+00
4.582810509887829675e-01 2.344121621097899677e+00
4.577936211832620561e-01 2.345257526486817845e+00
4.586147218431922967e-01 2.345435162150155239e+00
4.585876717802349067e-01 2.344808675046021307e+00
4.598132346082647315e-01 2.343652845844104160e+00
4.584712706909517266e-01 2.346292156838376108e+00
4.586015183651625526e-01 2.343309546897164530e+00
4.592551185898254285e-01 2.343521615406018554e+00
4.572783754344451612e-01 2.344514595774397137e+00
4.584020883904453836e-01 2.344137350480603565e+00
4.583851292446571857e-01 2.345789998556169209e+00
4.593833213836578944e-01 2.345685930806826747e+00
4.592791430749904591e-01 2.343652802573939820e+00
4.584056274327241165e-01 2.346042098188298564e+00
4.581514129706441008e-01 2.344734759595553442e+00
4.586528734387559925e-01 2.344264268764172598e+00
4.588054641886262219e-01 2.344264962699856625e+00
4.570950284397903296e-01 2.346413236566755156e+00
4.564565544162774713e-01 2.345030892830126223e+00
4.595303544446009414e-01 2.343590822531372186e+00
4.583942787460084656e-01 2.344996534198874549e+00
4.576089932430153495e-01 2.344434987676545123e+00
4.584807247079502601e-01 2.342521149908828981e+00
4.592493513106793990e-01 2.345040230637546408e+00
4.588873650802593462e-01 2.344176228785274319e+00
4.583779154075690587e-01 2.344552600824100885e+00
4.592329384233717615e-01 2.345285210516516727e+00
4.566682806850527743e-01 2.345251050335066978e+00
4.577869505339286493e-01 2.345168074738404940e+00
4.564947482905187814e-01 2.345369169164352119e+00
4.593092837038019738e-01 2.341306822014584732e+00
4.611285926454475326e-01 2.342877374818556291e+00
4.590381310049698182e-01 2.339801794002436708e+00
4.582774799187268044e-01 2.347160385637030888e+00
4.585018502087505055e-01 2.345207207800405147e+00
4.570755494534974872e-01 2.348745520238579410e+00
4.575822262827451414e-01 2.346258823569699725e+00
4.594408894932415222e-01 2.342784605152236299e+00
4.592547321912958669e-01 2.342225491074766186e+00
4.569163470102874935e-01 2.343546381239721033e+00
4.588942222099233192e-01 2.342584086367686780e+00
4.592820406882250905e-01 2.347689775388861921e+00
4.575325495411298737e-01 2.343956240469605490e+00
4.592712760513705250e-01 2.343456640335573660e+00
4.580409092261103488e-01 2.346687529454738463e+00
4.570658586837414994e-01 2.347784859491755416e+00
4.591616557509267671e-01 2.342736382001151973e+00
4.598895463629275593e-01 2.341695079315976091e+00
4.578218022629216288e-01 2.343613688291277253e+00
4.580927966726803247e-01 2.343876225625652232e+00
4.589080060185534160e-01 2.346734562809315250e+00
4.587728476973456093e-01 2.346815235908059627e+00
4.595808456191173286e-01 2.346458765024159288e+00
4.587038562446448253e-01 2.344381713965076219e+00
4.582879407534000693e-01 2.343743469058432449e+00
4.573594835207817066e-01 2.345281391586377051e+00
4.589125533442495186e-01 2.344258537090914807e+00
4.573023711817225112e-01 2.348053406105252261e+00
4.589507409280569883e-01 2.343609844445917911e+00
4.582015948827802276e-01 2.341806078558471338e+00
4.591770129058088679e-01 2.341694787608685324e+00
4.587724250087406030e-01 2.342415695240318563e+00
4.589268228399601690e-01 2.344099877084239836e+00
4.580567374897058230e-01 2.343426481987198606e+00
4.578649093816468674e-01 2.345748793244829766e+00
4.591433867269309466e-01 2.343644068511553602e+00
4.596973284465822318e-01 2.344058623619990289e+00
4.592139179525319692e-01 2.346960085205058721e+00
4.574392479958594437e-01 2.345104974676570198e+00
4.594155134055260548e-01 2.346244431866636670e+00
4.585934350986722308e-01 2.343349903289559499e+00
4.587591712855500492e-01 2.344427852562961156e+00
4.585486838045606528e-01 2.343828460203924990e+00
4.593209091300413105e-01 2.341477405047343918e+00
4.572985039994649781e-01 2.343796842952611481e+00
4.583812128475648340e-01 2.340962799868520516e+00
4.580252419805349584e-01 2.346024994379579454e+00
4.592821575574486670e-01 2.345150228770934042e+00
4.589973645764346410e-01 2.340797547221999508e+00
4.589699025075877348e-01 2.346637692063691993e+00
4.580260096433471650e-01 2.343199667961210597e+00
4.591403021176161947e-01 2.343816220122366900e+00
4.582592470086528369e-01 2.346569515831578023e+00
4.581476305585247544e-01 2.344752283175172813e+00
4.577491213943155057e-01 2.346446522891669328e+00
4.571891071606193901e-01 2.346335511493656156e+00
4.580004091111788966e-01 2.345722167842751560e+00
4.587128649885675591e-01 2.346349277909737019e+00
4.583982574067890225e-01 2.343907670756105510e+00
4.597539588090867602e-01 2.342780559865377477e+00
4.596411288119210958e-01 2.342521048169601272e+00
4.587417755656361118e-01 2.343117907727841676e+00
4.574823515899490434e-01 2.342468245158159768e+00
4.585439150867366420e-01 2.344177908500864049e+00
4.587433614651463820e-01 2.344077759978395292e+00
4.598617379976506769e-01 2.344066486245381942e+00
4.587530870122736859e-01 2.345022978111053202e+00
4.577832272345440656e-01 2.343028904158296566e+00
4.587338377171450987e-01 2.342943188118290720e+00
4.585846514797594087e-01 2.344224431518278973e+00
4.575372565766541721e-01 2.345312283143328180e+00
4.585040419746467810e-01 2.346052330464437397e+00
4.595075940782921697e-01 2.340826639220507932e+00
4.589880393311336904e-01 2.342201878635444601e+00
4.585556773346373682e-01 2.343709443103556556e+00
4.590890714019561503e-01 2.342279069752549958e+00
4.577242551031263096e-01 2.341949558873263282e+00
4.578304789454564205e-01 2.344922697067791884e+00
4.603920343973132989e-01 2.341365473537894815e+00
4.588363370581193812e-01 2.345918377034064584e+00
4.588337772614358712e-01 2.342408990281983794e+00
4.598162388697341618e-01 2.342451734036069322e+00
4.573377019567718138e-01 2.344278478812782396e+00
4.568717306040368520e-01 2.346892871564514316e+00
4.580858953554522994e-01 2.343284416794495062e+00
4.594871459276970715e-01 2.342429097410276828e+00
4.574758185812305422e-01 2.343364128238380140e+00
4.575409104181731301e-01 2.343148525772468016e+00
4.582349398448812283e-01 2.342171606870861567e+00
4.583441738428173928e-01 2.344047314015919259e+00
4.579590490325822771e-01 2.345362303763518064e+00
4.573870351037039317e-01 2.345863364740541801e+00
4.574961013172771374e-01 2.346540709175817696e+00
4.581779045503570624e-01 2.343024432443824523e+00
4.574816516218230822e-01 2.342981849000949524e+00
4.587015812055446617e-01 2.342961317561321533e+00
4.589591310303408611e-01 2.344425195143603258e+00
4.590571018934392344e-01 2.345911653809094943e+00
4.599001499031949991e-01 2.343501025957768213e+00
4.591515217339510180e-01 2.346669173451637391e+00
4.587173058605113485e-01 2.344634396943516386e+00
4.590873795894529485e-01 2.346237274476438817e+00
4.589424386062226913e-01 2.342811756798688361e+00
4.594187244435705142e-01 2.345031980026265117e+00
4.585444010357226374e-01 2.345700795623150814e+00
4.583681563825171557e-01 2.345300959409799102e+00
4.581154259456172717e-01 2.343287062694412892e+00
4.586915503974858255e-01 2.345202786648919346e+00
4.592694935659936140e-01 2.343764416348035340e+00
4.582132539668319904e-01 2.344474473935472592e+00
4.578854132499883822e-01 2.344387023095116263e+00
4.591321722766287805e-01 2.343813114969374389e+00
4.585733444413674920e-01 2.344353139677891384e+00
4.587944635694378714e-01 2.345507507887246046e+00
4.593003619551894179e-01 2.346137651703145366e+00
4.571286817221985599e-01 2.343630306880562841e+00
4.580258635251224231e-01 2.343316139219573824e+00
4.581365192895694438e-01 2.345482733638627248e+00
4.588108620444231178e-01 2.343113594152352430e+00
4.603981990395581425e-01 2.344188729835245066e+00
4.586055008212434059e-01 2.345735148136211645e+00
4.578422072083536132e-01 2.344107065676844570e+00
4.574203252995494573e-01 2.346503961733431787e+00
4.581619158327966401e-01 2.344732942798310127e+00
4.599146224529019888e-01 2.343107585139041493e+00
4.588162333366710421e-01 2.343402694795273522e+00
4.582436399573312502e-01 2.343199184351836717e+00
4.576135726200412646e-01 2.345479245489230813e+00
4.585222550700956412e-01 2.342698011810162129e+00
4.589145526647412932e-01 2.344689877796299893e+00
4.582677258891408312e-01 2.344786310202920721e+00
4.585304110859235172e-01 2.343681612744276332e+00
4.601581657327820651e-01 2.342514978903438294e+00
4.588355393340137756e-01 2.346742167180136729e+00
4.591724177771715487e-01 2.343121014637862487e+00
4.580760466198761094e-01 2.342497948021550425e+00
4.589910210770079546e-01 2.345548114014738950e+00
4.567006099103341765e-01 2.347384324019720747e+00
4.571682424697309788e-01 2.344956565654375158e+00
4.573289769358858670e-01 2.344248672572864844e+00
4.580409830655149950e-01 2.340516967669110660e+00
4.585695849701897919e-01 2.343380971830914206e+00
4.591112869008276975e-01 2.344366527350051577e+00
4.590718168006841515e-01 2.346832233039157778e+00
4.563141756653150138e-01 2.346495681296169256e+00
4.604395546174533393e-01 2.346724349629953021e+00
4.577952895428586966e-01 2.345062537521115598e+00
4.590973531868530189e-01 2.344014322960129348e+00
4.572483714343849592e-01 2.346087380135270184e+00
4.590040312067090733e-01 2.344465017534251849e+00
4.604126834558477377e-01 2.344729828695606422e+00
4.587609395007228308e-01 2.346051729046930490e+00
4.584862289137955349e-01 2.345786902213172542e+00
4.598386126100162952e-01 2.342523983555000466e+00
4.584820081343536358e-01 2.344244880945789422e+00
4.582417575942636101e-01 2.344894330999562015e+00
4.580648901410881435e-01 2.343832701809775987e+00
4.582511561934592970e-01 2.344864273800864041e+00
4.580843916434331198e-01 2.347157024008419413e+00
4.583446233518660429e-01 2.344674572988257211e+00
4.599160392799735986e-01 2.341768447619264837e+00
4.583334072458001285e-01 2.345871444088620805e+00
4.587814059317407711e-01 2.346144975739656413e+00
4.595818397304310965e-01 2.341134868123451174e+00
4.591389580852193175e-01 2.345974279083364422e+00
4.604040630303022352e-01 2.341943055990383993e+00
4.592973043085697427e-01 2.344666110902162259e+00
4.596325766968819004e-01 2.341682320974165510e+00
4.576532028280428377e-01 2.343480377370685819e+00
4.585290778635724984e-01 2.346096698744386977e+00
4.588490575656314907e-01 2.345648797928361784e+00
4.587478395124028330e-01 2.346145300997900751e+00
4.579788384422867620e-01 2.345137506429904040e+00
4.580595905526470557e-01 2.342641574848103314e+00
4.585227046488877800e-01 2.346912487651628521e+00
4.590362988249413467e-01 2.346241364188366152e+00
4.574003342265411942e-01 2.344350965101892559e+00
4.577341890976472927e-01 2.344024722390861459e+00
4.581325524431052454e-01 2.343157000542223312e+00
4.578876079181248837e-01 2.345250011457088224e+00
4.576095816034522201e-01 2.345533507663704498e+00
4.590723075553981292e-01 2.343559236712815075e+00
4.581287545288277308e-01 2.346343088037790015e+00
4.575865542920732887e-01 2.340952897517534659e+00
4.583758067539556724e-01 2.342621517144101162e+00
4.582488050794913392e-01 2.346218486452784635e+00
4.590709280756520294e-01 2.343167910216782612e+00
4.574927005637769994e-01 2.345119633619765498e+00
4.582063246351636421e-01 2.344212212884265956e+00
4.585502857749940153e-01 2.342776108664781809e+00
4.577519861764111075e-01 2.343884657751761580e+00
4.578568718004145666e-01 2.344298865685296995e+00
4.585787886303772098e-01 2.346316066610504070e+00
4.580439421665564725e-01 2.342623217938178293e+00
4.579818157306555504e-01 2.346831575916497048e+00
4.595841977203071749e-01 2.343511195308514150e+00
4.569927810371940402e-01 2.344913912091106223e+00
4.575943366085714059e-01 2.343849338121468673e+00
4.585681596293516016e-01 2.344653361750332898e+00
4.580941188272055764e-01 2.343772197165981730e+00
4.583434423048493023e-01 2.343833676723941828e+00
4.590298176638307193e-01 2.343882218498644310e+00
4.575406869569733082e-01 2.345262914037300028e+00
4.586183653028797491e-01 2.345259339348858774e+00
4.579943573574135618e-01 2.343644701715065448e+00
4.567204832537580805e-01 2.346882872688473398e+00
4.572757305251628490e-01 2.347611779710509161e+00
4.574492639212585643e-01 2.343241099966079322e+00
4.577322438467548160e-01 2.342420457168857162e+00
4.560550069657848260e-01 2.346935160726848046e+00
4.603650803177438133e-01 2.343392821559793671e+00
4.582591370958486454e-01 2.344274117181830874e+00
4.569495038855862501e-01 2.347049504543203824e+00
4.586812804275480770e-01 2.342999922878419294e+00
4.610754799047495078e-01 2.342363325055675016e+00
4.571111078872736599e-01 2.345874008527700116e+00
4.569984761916393023e-01 2.345818150496977506e+00
4.588486272820699319e-01 2.342017959449575137e+00
4.586730084916379457e-01 2.345181455609429921e+00
4.587515630139404332e-01 2.343792743445332949e+00
4.598603237091733464e-01 2.343762029089511145e+00
4.589098704417338692e-01 2.343885960804499291e+00
4.573227640796980187e-01 2.346006586342064271e+00
4.577054548709951209e-01 2.344415307734482923e+00
4.580615329551472881e-01 2.343892303788512876e+00
4.581248601651116692e-01 2.344796770787797247e+00
4.582750109014845918e-01 2.345244165489735355e+00
4.580772945093012360e-01 2.345134423234974896e+00
4.587133760888123524e-01 2.342696794493337009e+00
4.583017887571361748e-01 2.345959224934671905e+00
4.581986018393033322e-01 2.346134566575023506e+00
4.570014050923449367e-01 2.344644362313856423e+00
4.574090752313969555e-01 2.346287306189231536e+00
4.581834565959507777e-01 2.346605116780013933e+00
4.582198732747340686e-01 2.343630478294525865e+00
4.583115235685999433e-01 2.346046684374643476e+00
4.575028757909757049e-01 2.347418790369791175e+00
4.573689695259062771e-01 2.346214658262709030e+00
4.598140370235018204e-01 2.344181293284465450e+00
4.587564895132569265e-01 2.344614216282494557e+00
4.591475200527502243e-01 2.343315323714225684e+00
4.592588737622740336e-01 2.342369187301913236e+00
4.583057488524051593e-01 2.346856588008222388e+00
4.569422615614465721e-01 2.343515313747434714e+00
4.583414763142972248e-01 2.346771293431752614e+00
4.583530792967417944e-01 2.347271021683484893e+00
4.582891889078083425e-01 2.342551121937384018e+00
4.580057282106297922e-01 2.344683381828826629e+00
4.592293288749422220e-01 2.342281669578168302e+00
4.581541537838994538e-01 2.343664799344256977e+00
4.594234628620632588e-01 2.342300367343572720e+00
4.581030862170882845e-01 2.344568380312388456e+00
4.573990644128531069e-01 2.343888076766420969e+00
4.584138333729357306e-01 2.343633266772277235e+00
4.602579589524332104e-01 2.342357353438515144e+00
4.572507234985201952e-01 2.345739494489368582e+00
4.589782312336625480e-01 2.344041458152526403e+00
4.581928195775369916e-01 2.346801292328639654e+00
4.580595888294048956e-01 2.345044954356343858e+00
4.586448607088742246e-01 2.347198129128681199e+00
4.568325527453980239e-01 2.345648251553297037e+00
4.577041185985146199e-01 2.345492971660541937e+00
4.588854430133431639e-01 2.342585725126776097e+00
4.576056857516415666e-01 2.346297334568775206e+00
4.583518931586682554e-01 2.345159613971380175e+00
4.589941874506502928e-01 2.345236963838907229e+00
4.579778080370762172e-01 2.345684602378543815e+00
4.586364755711763164e-01 2.343475274017349008e+00
4.583947781061663562e-01 2.344494724972813859e+00
4.582757150550111347e-01 2.343613782196254380e+00
4.591946360992607556e-01 2.344748869499389876e+00
4.596614114573322474e-01 2.343929558459480145e+00
4.578990695407548772e-01 2.343124019726655849e+00
4.580548623392462493e-01 2.345078822989749234e+00
4.580120678442510807e-01 2.346210141143062700e+00
4.597087261547593839e-01 2.344377798660577827e+00
4.586523852557385927e-01 2.346746289479393788e+00
4.574930738660453744e-01 2.345542468365946931e+00
4.586291722938274917e-01 2.346445235629688320e+00
4.586688268070328034e-01 2.342510935833967078e+00
4.603507947629875696e-01 2.346733233883058656e+00
4.586154602713191641e-01 2.345717712893517160e+00
4.585116859487560204e-01 2.345060758509597054e+00
4.596560448328923520e-01 2.346274379269410293e+00
4.591385835438410168e-01 2.343887067126972479e+00
4.580136039184099506e-01 2.344076845470338455e+00
4.577727889125158267e-01 2.344653678329425617e+00
4.583500814864229778e-01 2.344841184314720106e+00
4.578178277227256676e-01 2.343986678143130220e+00
4.577619534747240926e-01 2.345169204654561135e+00
4.583462116928521679e-01 2.346488836108918008e+00
4.597901535791820704e-01 2.346616242948424969e+00
4.570863309816456943e-01 2.347558068596238279e+00
4.592098285307604777e-01 2.345446138932304248e+00
4.588860173416760557e-01 2.344050797577488687e+00
4.593022138270953514e-01 2.342284194468424285e+00
4.590290006938355649e-01 2.343732023277607990e+00
4.590227343816634109e-01 2.344793605792716562e+00
4.575963210113024315e-01 2.344794448230048900e+00
4.583531696486873308e-01 2.347998709532398642e+00
4.580631591527011826e-01 2.343626660371179504e+00
4.588539141857482795e-01 2.343512757813012826e+00
4.587033088920101087e-01 2.344164965139201140e+00
4.575837055584606738e-01 2.343264279936220884e+00
4.587557008370213296e-01 2.344754040443553844e+00
4.589927921637663721e-01 2.345270071290960878e+00
4.568454187071093187e-01 2.347611498385792750e+00
4.576636142538522689e-01 2.344361462149139097e+00
4.572315776039455604e-01 2.342422448874480700e+00
4.575184082587589462e-01 2.346534690670864176e+00
4.593211673638366577e-01 2.343229286074895334e+00
4.583335676225250288e-01 2.345363762507803429e+00
4.602060024004557826e-01 2.343527831847649789e+00
4.586602084696816961e-01 2.344210696792252691e+00
4.581359718099572431e-01 2.344033311958205967e+00
4.594614437818955177e-01 2.344981704700920933e+00
4.572099495292620275e-01 2.345589116517726058e+00
4.595886784605682784e-01 2.345342958227837560e+00
4.591018914984498767e-01 2.344620167975019154e+00
4.584025435694791262e-01 2.342910278680136127e+00
4.582364584189308476e-01 2.344822501065962683e+00
4.590412816015306818e-01 2.343173421876370455e+00
4.590158558325491134e-01 2.344333725923104073e+00
4.605610677126741881e-01 2.342569108432548841e+00
4.572759642920619649e-01 2.345709098873016263e+00
4.592817586283851061e-01 2.342803145648494123e+00
4.584190115992069492e-01 2.345209497340036808e+00
4.590889072230512347e-01 2.342728096355664480e+00
4.591209351544220940e-01 2.343531035919593553e+00
4.580554928901380829e-01 2.346952218645602439e+00
4.578697031018525432e-01 2.344596298680214908e+00
4.588492879212957010e-01 2.344167473468538265e+00
4.573541449180922314e-01 2.344228479633568174e+00
4.597109472301131317e-01 2.345314269786042516e+00
4.600481151621832465e-01 2.342222658787294520e+00
4.588889556848902984e-01 2.341241620724453742e+00
4.582404263679675793e-01 2.341563771318615927e+00
4.575763926730949116e-01 2.346361865851510409e+00
4.583756648533198197e-01 2.344777981999447203e+00
4.589715538222308155e-01 2.343393381199421643e+00
4.591803153379535041e-01 2.345564407812019248e+00
4.574874112098394341e-01 2.345249934770766931e+00
4.576077837471012044e-01 2.344041645938004237e+00
4.568000700324373331e-01 2.343627350641521723e+00
4.590907162613645509e-01 2.344324206225136376e+00
4.592888828107319354e-01 2.341142770215319135e+00
4.584654615718222193e-01 2.344439551579339920e+00
4.588828500881051431e-01 2.344078578445725647e+00
4.566795069718174171e-01 2.344607326356696220e+00
4.579522101756007268e-01 2.342085413519132242e+00
4.589950454050048534e-01 2.342319256255563253e+00
4.585427352747195040e-01 2.341153543175432894e+00
4.579668133547156184e-01 2.345161973308841130e+00
4.591346705301942444e-01 2.342587327097248373e+00
4.561786001671432889e-01 2.345247187419238877e+00
4.569049232005888417e-01 2.346442394277470367e+00
4.578807411557946905e-01 2.341750456726273022e+00
4.588312669955961209e-01 2.345186631800226795e+00
4.580126336303244616e-01 2.346512812827644456e+00
4.580426190622209348e-01 2.344279900160015195e+00
4.589511644578271876e-01 2.341080642521753852e+00
4.578478236212382702e-01 2.344615613321562986e+00
4.591868372699559608e-01 2.342502732447496960e+00
4.586257889048264702e-01 2.346369169950345945e+00
4.589896506354044226e-01 2.341613182234850932e+00
4.594838715830782405e-01 2.346264209285172875e+00
4.581096417713393931e-01 2.344721470513262407e+00
4.583798099905261880e-01 2.344988145736577767e+00
4.581894624822550610e-01 2.347523143053369843e+00
4.575512683554299187e-01 2.346786957174482602e+00
4.579963911096547324e-01 2.344085594654106597e+00
4.598370512916910569e-01 2.342931551180398753e+00
4.585013117851911013e-01 2.342622373146588277e+00
4.581389032461669064e-01 2.344963339692118343e+00
4.568258060069858018e-01 2.346825144847656919e+00
4.577635459146472963e-01 2.344608507443070256e+00
4.585407014074595056e-01 2.343682237524867151e+00
4.572803987166047524e-01 2.346832383082775308e+00
4.574158742067806482e-01 2.347137024179536180e+00
4.597704648170994890e-01 2.344214308937224711e+00
4.576139972629904573e-01 2.342452940482933066e+00
4.576727896715337418e-01 2.346098444891738133e+00
4.582016394594984887e-01 2.345017196410105420e+00
4.586793215962002290e-01 2.341632423465258128e+00
4.591325341708121788e-01 2.344478892146804494e+00
4.579841566090719907e-01 2.344749136975084802e+00
4.601143906646357751e-01 2.344869517938030334e+00
4.581846813649106953e-01 2.344739156457389839e+00
4.585004994182009241e-01 2.344309718067723924e+00
4.586163267088619877e-01 2.344526813525909414e+00
4.579350142796876355e-01 2.343817395986677710e+00
4.592508101485987537e-01 2.345139676244540450e+00
4.605035789595965379e-01 2.342594134584082610e+00
4.570891340900282707e-01 2.347529559550229017e+00
4.590811206618097273e-01 2.345403923299194560e+00
4.575358329476483243e-01 2.345601840735904275e+00
4.587853250042719933e-01 2.348189648454546585e+00
4.591583472807867494e-01 2.341412281582546218e+00
4.600662854155611048e-01 2.344487883105397241e+00
4.569422069594852309e-01 2.345324722000293516e+00
4.575090806589949821e-01 2.345946542465711104e+00
4.596152691277049507e-01 2.344857803339116753e+00
4.574740134967660854e-01 2.343014801904530042e+00
4.580909920105867283e-01 2.344107163587133336e+00
4.586214318477139229e-01 2.343953221528827680e+00
4.573923942875585680e-01 2.341735022159156632e+00
4.596128868214813812e-01 2.343282416912934263e+00
4.580899330950760073e-01 2.343534170491627933e+00
4.585602546802452495e-01 2.344065998183289867e+00
4.585259822688689813e-01 2.343648985386431072e+00
4.571235378871714161e-01 2.346113795036143923e+00
4.593750263995259875e-01 2.345971519346763845e+00
4.586209219437926699e-01 2.347470982588966137e+00
4.583848925821094600e-01 2.345805748995730244e+00
4.588048988014674090e-01 2.342664827361224500e+00
4.583675532254314344e-01 2.343795653360483122e+00
4.564488281105818501e-01 2.346041649087044156e+00
4.589452604778762046e-01 2.341091965746766590e+00
4.581087569216937272e-01 2.343584285614453755e+00
4.578224687625517819e-01 2.343975783271319724e+00
4.596336472703921872e-01 2.343485981847728716e+00
4.586634349580436254e-01 2.346013439293562541e+00
4.589343455407732253e-01 2.341944162260692686e+00
4.577956309064284968e-01 2.340892304199276630e+00
4.574788212574842916e-01 2.346315164471912240e+00
4.567987073448518398e-01 2.344116027444917982e+00
4.575770833290212503e-01 2.343742732862643230e+00
4.596178510926214877e-01 2.344398765816812169e+00
4.590520316940966961e-01 2.342014245294570696e+00
4.588345859158067253e-01 2.345525253022635592e+00
4.575750451390419027e-01 2.341725599509723921e+00
4.579820418540270777e-01 2.345836079131061069e+00
4.576060714549322617e-01 2.342439749675478744e+00
4.575883566795911905e-01 2.344815837872791686e+00
4.592048586705141378e-01 2.341202517714992659e+00
4.560460744589148185e-01 2.344081212030155292e+00
4.593288732679033926e-01 2.344782846311775693e+00
4.583656634493690207e-01 2.345198915184839361e+00
4.586677418739900647e-01 2.342146888660908921e+00
4.571266355727054420e-01 2.343776065054565816e+00
4.587628782325670063e-01 2.344376295004694466e+00
4.588425173607181828e-01 2.344646359169563876e+00
4.577757141305282551e-01 2.344730182463460100e+00
4.578694780116179253e-01 2.343621698716577662e+00
4.598435102929365748e-01 2.345137217957250719e+00
4.592295909336339133e-01 2.344041180306050798e+00
4.574274615821717349e-01 2.344650385296895401e+00
4.579843665463959046e-01 2.345245326632803273e+00
4.601402294097173273e-01 2.345068183416008978e+00
4.597369245870732701e-01 2.343495405928286424e+00
4.586483388077984835e-01 2.342986563696393354e+00
4.591958657063221483e-01 2.344137106659503367e+00
4.594031181202841707e-01 2.341536099627047118e+00
4.582503326368594920e-01 2.341924343120065366e+00
4.569645866403064804e-01 2.345524527513653368e+00
4.592876447779966620e-01 2.343256715402445067e+00
4.583419096926456549e-01 2.344572548292213732e+00
4.568412468068491772e-01 2.347271731922758065e+00
4.577973113012606121e-01 2.342858152320526077e+00
4.581131134554527473e-01 2.345407919570392519e+00
4.577418566060879046e-01 2.344831734600093753e+00
4.591468761911159380e-01 2.341950428235157311e+00
4.585418498233866935e-01 2.344716821408920460e+00
4.593801007577043016e-01 2.344897940441424744e+00
4.594861354922948338e-01 2.345315144242992922e+00
4.570054109513770890e-01 2.345358971512223611e+00
4.575379479034459851e-01 2.346574103031275449e+00
4.592542685995957830e-01 2.344750113135770420e+00
4.591346966207245361e-01 2.345889936747684867e+00
4.568419800465678415e-01 2.345107512110215175e+00
4.592184472066612178e-01 2.342843153211567664e+00
4.571018231884023675e-01 2.344122083811154944e+00
4.587076738596979619e-01 2.342177799702791496e+00
4.592774680710125512e-01 2.340799312196196080e+00
4.592715817364184105e-01 2.345584519910387744e+00
4.593735421415777176e-01 2.343754284089738071e+00
4.593927119618458343e-01 2.344329012259901202e+00
4.576407874759743089e-01 2.347675999948545034e+00
4.565201394842405280e-01 2.343766924924838069e+00
4.589211856231700248e-01 2.346666897477229785e+00
4.589397715411251411e-01 2.344674161725735395e+00
4.586600416526727675e-01 2.346137996998273412e+00
4.587025568455794233e-01 2.344377280426729548e+00
4.577648589234860621e-01 2.343843663667934507e+00
4.579323939374559949e-01 2.344481960180130553e+00
4.589285979096342505e-01 2.343248986232031150e+00
4.570489603848693072e-01 2.345884467217670188e+00
4.584330871430509768e-01 2.346118629946909895e+00
4.586797998849005409e-01 2.344717679015924094e+00
4.586353479210025785e-01 2.342145106525276077e+00
4.591683865458178748e-01 2.345540745406469618e+00
4.583243911137520055e-01 2.344747705148978234e+00
4.596890785267586099e-01 2.345343389161867353e+00
4.580752991157956422e-01 2.345184248152411222e+00
4.588669828360092962e-01 2.340620572362552387e+00
4.569948316099888275e-01 2.345580638589352063e+00
4.577004476585809223e-01 2.344287679521107393e+00
4.592393029202437860e-01 2.345415246197787518e+00
4.568887978240639969e-01 2.343937960159562461e+00
4.581690560145274538e-01 2.343432957184630627e+00
4.595757698060947694e-01 2.341463537428037700e+00
4.594406465416935315e-01 2.342947534858973224e+00
4.585235713404079427e-01 2.345022442167853605e+00
4.570475288373182510e-01 2.347009783971358843e+00
4.600711109814213384e-01 2.345334891591962734e+00
4.589592477539931048e-01 2.345212404032773978e+00
4.562858953815259189e-01 2.344739343216707628e+00
4.581361421304915860e-01 2.343588740418870664e+00
4.583220125333871686e-01 2.345671202030550795e+00
4.584145407087567015e-01 2.341808126835247972e+00
4.595674982230825711e-01 2.345400855030485232e+00
4.590194143544354399e-01 2.344434859563940599e+00
4.591652701622812582e-01 2.343628259394760605e+00
4.590430163661485818e-01 2.345416672455283624e+00
4.567618084538950241e-01 2.346665511623302169e+00
4.594162079707823643e-01 2.344407761107405008e+00
4.592798871947676997e-01 2.344673110495882895e+00
4.592995954462644748e-01 2.341321994174257792e+00
4.587409109784745254e-01 2.344739635480903583e+00
4.584070417531359576e-01 2.345195602719194028e+00
4.589024392324084212e-01 2.343838243639540853e+00
4.587471149292278727e-01 2.345604344348622305e+00
4.583924309740677883e-01 2.343342069254373605e+00
4.594588024771533163e-01 2.342180060256467744e+00
4.572622312501388731e-01 2.346309101796113517e+00
4.576926862525479978e-01 2.345274178467385173e+00
4.605388661458180710e-01 2.342094192830914245e+00
4.584023956041274328e-01 2.344912346712900053e+00
4.574632178731210530e-01 2.343212585597868713e+00
4.584636651850055311e-01 2.344616561922439057e+00
4.583181114647588150e-01 2.343975484747159665e+00
4.588132982331652454e-01 2.344910420681254770e+00
4.595980823161429640e-01 2.344931854533694349e+00
4.569737163410608760e-01 2.348625691573398289e+00
4.584258667934254516e-01 2.347169839195729413e+00
4.577699489865486582e-01 2.343592497963642440e+00
4.585818620021930858e-01 2.346917519821576370e+00
4.573444381071578579e-01 2.343487548839426005e+00
4.584066202266188772e-01 2.345724016929620959e+00
4.565685297981141311e-01 2.344712724992402908e+00
4.603372523855451814e-01 2.342727158699264400e+00
4.581297915065397075e-01 2.345391248746817148e+00
4.578773416694598697e-01 2.347037236106761959e+00
4.579050114865642618e-01 2.343450456910422197e+00
4.585710537132911546e-01 2.345839949349220355e+00
4.588528540680538170e-01 2.345528717181589506e+00
4.589353504432203135e-01 2.344136473553173339e+00
4.578760558496330901e-01 2.343720055972114302e+00
4.583180038819738567e-01 2.344162353991006142e+00
4.584570722914071972e-01 2.344858521348023750e+00
4.590063011271660609e-01 2.342866249552503444e+00
4.581137654065476905e-01 2.345921247712843716e+00
4.595236950648423080e-01 2.344266471593187351e+00
4.578388735224535044e-01 2.342654484179759855e+00
4.583734597381864950e-01 2.345675046760703264e+00
4.579266690696000008e-01 2.343123477737007576e+00
4.574695690613059251e-01 2.345473548159281663e+00
4.589056597495193013e-01 2.343970600404787330e+00
4.584663383319950158e-01 2.347737778762000627e+00
4.579890453912993653e-01 2.343982316080941430e+00
4.594022035595414222e-01 2.346483965992427922e+00
4.585138877990747042e-01 2.342478105657629595e+00
4.574782202701081490e-01 2.346349463127044288e+00
4.581426815393899732e-01 2.344786994586108619e+00
4.588167211188768357e-01 2.346065474707682785e+00
4.574714137373031564e-01 2.345214282733727007e+00
4.585021374882314871e-01 2.342405380061897358e+00
4.586201950131608696e-01 2.346285112984317411e+00
4.582958397431139419e-01 2.344766241048263478e+00
4.597472122388803206e-01 2.344663001430553173e+00
4.592173039523823053e-01 2.347963712348139609e+00
4.592882240649232006e-01 2.344108817420536894e+00
4.574426429789998361e-01 2.342130801832207343e+00
4.583559293798104006e-01 2.345560971457822941e+00
4.591310916822843868e-01 2.345519398403081546e+00
4.591140193659634106e-01 2.340716662399703552e+00
4.598116691598754802e-01 2.341369265072902550e+00
4.575890279241074943e-01 2.344486237095411596e+00
4.574464326407993164e-01 2.343302229103366052e+00
4.590484806462786782e-01 2.344973236544057205e+00
4.566686091524788660e-01 2.344075021880561938e+00
4.585511674472235177e-01 2.344300419703017280e+00
4.583957116936916432e-01 2.343746786686211170e+00
4.578547020259956524e-01 2.345471501006053838e+00
4.581197680945624517e-01 2.346021466167346414e+00
4.581255426800102670e-01 2.342485863558550374e+00
4.591011270851713122e-01 2.343069845171915855e+00
4.586949172586605172e-01 2.342916089257844003e+00
4.570752961992662344e-01 2.349466541719399171e+00
4.589737972810525868e-01 2.345839112739614762e+00
4.602797002089356049e-01 2.344330294959377614e+00
4.587747941219809666e-01 2.342699189639125823e+00
4.589334194920349774e-01 2.343221423426315564e+00
4.579680459002927750e-01 2.345204434462953014e+00
4.569326649879866253e-01 2.346416678273279377e+00
4.581729553016236078e-01 2.342938825814729231e+00
4.593406944686972415e-01 2.347405071438798618e+00
4.586977033049441377e-01 2.344191608796953208e+00
4.609025850873575414e-01 2.341389475876986648e+00
4.589605526037664474e-01 2.344352156555661537e+00
4.572562966546694363e-01 2.347253459092167649e+00
4.590523219746128203e-01 2.345516979824850967e+00
4.580059680388191556e-01 2.346344587498355505e+00
4.587720141271891539e-01 2.344646160091754972e+00
4.577384156063928899e-01 2.343699722685618880e+00
4.570104297940734139e-01 2.343659134115893217e+00
4.586383022587675606e-01 2.343274708718400934e+00
4.588843048548640335e-01 2.342959706000139697e+00
4.570527442700306753e-01 2.345809264989122234e+00
4.584606317304060208e-01 2.343495480846367940e+00
4.581609938608884325e-01 2.343907968206032866e+00
4.569988823193113503e-01 2.346415478331844717e+00
4.601519622491880290e-01 2.346164058808426045e+00
4.597175685434607972e-01 2.342779528936600464e+00
4.588924604296308885e-01 2.341597024306413033e+00
4.576518239269766197e-01 2.345038189398620521e+00
4.567030660492682470e-01 2.340525824102606567e+00
4.578848079599220910e-01 2.344353417761204650e+00
4.583805023501745235e-01 2.343992895998208592e+00
4.569770669650546346e-01 2.346862717903389406e+00
4.584426078790353465e-01 2.345639650911893970e+00
4.570677070877435244e-01 2.342694998533913608e+00
4.577810511566258733e-01 2.344738091908655342e+00
4.597940359598025606e-01 2.342960333713021814e+00
4.584754637069289873e-01 2.343332777347287621e+00
4.582075997481018792e-01 2.344413754053679799e+00
4.573130643613640967e-01 2.345552087561858290e+00
4.591692185407872939e-01 2.342926115788837915e+00
4.589175246507185557e-01 2.345146076471316121e+00
4.588435835050453937e-01 2.344197508251519402e+00
4.582869041655726616e-01 2.343545426833206324e+00
4.598771755603691669e-01 2.344587682565011377e+00
4.576936404009330772e-01 2.345787079624416016e+00
4.590019536621541829e-01 2.344297097570146704e+00
4.581449452317012394e-01 2.346016640262348574e+00
4.586292303785066138e-01 2.344505024852268527e+00
4.590035076522656632e-01 2.344269767043726027e+00
4.572657948056200183e-01 2.345054434846063351e+00
4.588439952701153790e-01 2.343439503413275560e+00
4.582118659587304244e-01 2.342515525077426997e+00
4.586096093496838111e-01 2.345765861157461885e+00
4.583658199790243692e-01 2.345500659481143835e+00
4.565841681321327616e-01 2.346466908506337656e+00
4.579598395712722314e-01 2.346173459563341890e+00
4.579839705259077243e-01 2.346514581241657904e+00
4.573287966757696443e-01 2.345636349592584491e+00
4.573309818449314279e-01 2.342584746223554060e+00
4.575816817093599220e-01 2.345094238654728436e+00
4.573141926745659669e-01 2.345369004279176828e+00
4.574914298521592926e-01 2.345686264559771139e+00
4.574392895442546125e-01 2.342408709331119887e+00
4.589662832717655294e-01 2.343872490083818150e+00
4.579757587957828391e-01 2.345814908056281123e+00
4.584730424789786318e-01 2.345204425678448779e+00
4.585804790797707864e-01 2.344280307661885221e+00
4.586170530807504031e-01 2.345590768308380536e+00
4.588590496548887732e-01 2.343986714663059967e+00
4.587692864366903489e-01 2.342489070499140791e+00
4.575729164792767811e-01 2.344122426725191222e+00
4.578190027000066942e-01 2.345530219000702132e+00
4.571005972070198431e-01 2.344574109845456888e+00
4.591580916035366555e-01 2.344728301140852622e+00
4.595440467340765611e-01 2.345433868032052338e+00
4.588066642375747684e-01 2.343213901534384025e+00
4.585756309032300027e-01 2.343257123514594475e+00
4.597354420569485511e-01 2.345606246074158907e+00
4.595244769524884920e-01 2.342730950540027557e+00
4.583978100582316584e-01 2.343737560828472066e+00
4.592634161537726967e-01 2.342004856531016532e+00
4.569384892045783575e-01 2.342811881869977242e+00
4.560239533132471323e-01 2.346152542680884245e+00
4.590702782417990790e-01 2.343272087594403530e+00
4.588149267173176615e-01 2.344353776101157916e+00
4.577475724336401153e-01 2.341899357814304139e+00
4.588237585304928423e-01 2.345316344390914853e+00
4.576395786641782037e-01 2.345325235945949327e+00
4.597462864380463810e-01 2.345212640262514192e+00
4.592197343166470325e-01 2.344116942542928683e+00
4.593482128348775895e-01 2.342519930375159820e+00
4.596829910611253678e-01 2.344168267211622414e+00
4.590679090106652982e-01 2.345785802267005948e+00
4.583292103990527222e-01 2.347347413147800932e+00
4.580045736067497320e-01 2.344523013237409081e+00
4.588046578291298805e-01 2.343829472763271582e+00
4.569211781555390095e-01 2.347044951616714670e+00
4.584197027973810901e-01 2.345909957976072491e+00
4.580238047623789721e-01 2.343065288955898495e+00
4.580532137623945510e-01 2.343429728230720155e+00
4.574999656593144448e-01 2.345522097113360793e+00
4.597283077838147936e-01 2.342018282035819965e+00
4.570381727910809988e-01 2.343176919357469856e+00
4.579853072607056319e-01 2.343129376339750713e+00
4.603575701243348139e-01 2.339745206195514182e+00
4.584943370553841158e-01 2.345633286605876222e+00
4.586469785791053022e-01 2.344248194509815253e+00
4.597951328231890122e-01 2.345394517142856738e+00
4.578882324050338459e-01 2.342947330757461089e+00
4.573542505623792720e-01 2.343996576506627960e+00
4.597043219685806315e-01 2.345273978138714188e+00
4.573614402132565315e-01 2.346234878691590975e+00
4.586983535208857266e-01 2.344831851717944282e+00
4.584060164612726029e-01 2.344533303991361617e+00
4.581066998237127152e-01 2.341403247624900708e+00
4.580149265720699914e-01 2.345363260445358033e+00
4.566042942451709608e-01 2.343219666409428026e+00
4.581268322896004941e-01 2.346496814257543750e+00
4.594281496619067040e-01 2.347406800008517092e+00
4.581528406115704111e-01 2.346455957039266238e+00
4.590110736116753687e-01 2.343066918552102695e+00
4.578251628740081514e-01 2.346258715817592488e+00
4.593606273625137071e-01 2.345139185091347667e+00
4.578221979052974344e-01 2.346369229725516981e+00
4.590385470721038419e-01 2.344655538520262539e+00
4.595403448756074649e-01 2.343684894154752563e+00
4.569996750497072879e-01 2.343869205263006794e+00
4.572570077968342583e-01 2.347592270654345725e+00
4.590197617746824554e-01 2.343754118624494787e+00
4.584180316762031526e-01 2.343157423333781075e+00
4.577424858228879012e-01 2.343865392929087577e+00
4.576382230071223134e-01 2.345437179249994841e+00
4.579406142493446241e-01 2.343551199885653968e+00
4.565647547538170259e-01 2.343799141848627698e+00
4.583804397983938239e-01 2.347658173026454964e+00
4.589839500028791708e-01 2.344162253904664261e+00
4.589981484646345478e-01 2.344649621918088123e+00
4.578437491716120800e-01 2.346694212313092720e+00
4.586081604741790718e-01 2.342476826068192519e+00
4.585372331421356251e-01 2.344164439457866678e+00
4.591840524685216751e-01 2.342704043410059001e+00
4.589189821779953160e-01 2.345608667509641254e+00
4.576396088290246578e-01 2.345577312939364667e+00
4.581494397413837238e-01 2.344883386872960607e+00
4.593999725153363745e-01 2.344380818995091875e+00
4.584635754810243435e-01 2.345277590785425303e+00
4.581442236408280744e-01 2.344769818647131743e+00
4.593541273003828307e-01 2.344304833037764713e+00
4.589922901944334943e-01 2.343628855026080426e+00
4.596469806257466040e-01 2.344311274746837537e+00
4.583711689225150598e-01 2.345186148266390269e+00
4.599700062536318246e-01 2.344392464334218662e+00
4.575932077412449006e-01 2.345878803756026976e+00
4.590852087542704463e-01 2.343327388468834371e+00
4.583685696453677627e-01 2.343394442371218744e+00
4.581966659075149551e-01 2.345807219130428667e+00
4.581597930290863818e-01 2.347080678392636344e+00
4.578552921436039314e-01 2.346567041781068674e+00
4.594100008587999051e-01 2.345258422398847742e+00
4.573473998592596512e-01 2.345538045228814372e+00
4.590558474471005401e-01 2.346098537770197723e+00
4.579907021023433833e-01 2.345020953688698118e+00
4.603062353541853002e-01 2.344653008808883499e+00
4.587896529816617996e-01 2.345265791560743995e+00
4.570316877393248434e-01 2.345370672396095202e+00
4.589073483807843967e-01 2.342009149399354673e+00
4.579241096563635427e-01 2.344843363057715013e+00
4.577160099415523709e-01 2.341753118542352130e+00
4.589898143894318716e-01 2.342446407502530192e+00
4.576782169623010432e-01 2.344987391564978374e+00
4.592152613185049304e-01 2.342019677813849565e+00
4.589413245646815631e-01 2.345372700176494352e+00
4.570346887968234073e-01 2.348383752626998167e+00
4.572019108242170726e-01 2.345508135099283908e+00
4.568849572654670177e-01 2.344130081049324410e+00
4.564569885028673668e-01 2.346098486428947805e+00
4.584962528029605799e-01 2.348048138893370496e+00
4.578943659293956969e-01 2.346206463418282873e+00
4.592154417780653364e-01 2.345712684585156804e+00
4.585557028655471989e-01 2.342231483155462257e+00
4.578123814577762518e-01 2.345657956355046370e+00
4.574030696915194483e-01 2.343508967615920646e+00
4.587772248610423320e-01 2.341733436651898259e+00
4.586795039118689576e-01 2.344973047497069363e+00
4.584860058234811464e-01 2.346639494269918469e+00
4.594374894208247406e-01 2.345846312376433929e+00
4.590751511944468621e-01 2.342936558903471855e+00
4.591819807654674568e-01 2.341376789270269931e+00
4.588770284807158761e-01 2.343024082464035818e+00
4.587305090210668790e-01 2.342584818269381142e+00
4.573598639512583275e-01 2.344207497579198218e+00
4.578826153716464287e-01 2.346009621274466550e+00
4.582250828039169388e-01 2.347128235740973068e+00
4.569712142421145651e-01 2.342927934587150762e+00
4.574156958756347979e-01 2.342654768979234081e+00
4.576710546942246993e-01 2.345793896926575695e+00
4.579800402317281693e-01 2.346068864497391715e+00
4.595258685827766088e-01 2.344779583511846344e+00
4.581412640981744056e-01 2.341976923416797973e+00
4.579376740982565863e-01 2.345349294113141969e+00
4.593838738082687834e-01 2.344804354814824521e+00
4.591082225947402118e-01 2.343413852107975259e+00
4.585100167016665229e-01 2.344135910005567425e+00
4.569658429492270968e-01 2.344035483969128641e+00
4.589101914219738121e-01 2.343847685880792397e+00
4.597404468673259581e-01 2.343258920898018349e+00
4.587973077322760052e-01 2.346981210402066864e+00
4.581658373421074737e-01 2.343955801566727892e+00
4.592867357616365886e-01 2.342266129416426867e+00
4.587399679492842886e-01 2.345209098138653747e+00
4.581435969804113495e-01 2.347154595973401481e+00
4.572972409158517770e-01 2.347968045226956679e+00
4.593300355243650768e-01 2.345385244150640869e+00
4.574938874390078736e-01 2.346079368213851435e+00
4.586822689944202724e-01 2.346992909514925341e+00
4.582669526877516386e-01 2.346084289853709759e+00
4.568567684843765631e-01 2.344175209943036187e+00
4.583634768576816954e-01 2.344741736651884345e+00
4.570992754320668539e-01 2.345267802017500625e+00
4.576543700777624957e-01 2.343754516243242048e+00
4.578367904122382370e-01 2.344077910460179659e+00
4.588892972217583077e-01 2.343619980962249993e+00
4.591394875407643905e-01 2.345092711952869724e+00
4.583107325061799853e-01 2.347377638235352393e+00
4.571391062623675339e-01 2.344488126511806936e+00
4.589923213289358039e-01 2.343218240105038319e+00
4.595172412636641113e-01 2.343098463809802467e+00
4.583623872280054301e-01 2.348258075821927804e+00
4.581627176870881057e-01 2.346638732041465669e+00
4.565223682521218351e-01 2.347181335681497671e+00
4.583446544305608827e-01 2.346006254078142117e+00
4.582497835652405427e-01 2.343983917003984452e+00
4.575123466737618938e-01 2.344399512575173539e+00
4.591228454253498126e-01 2.345195383507172604e+00
4.582695477068939871e-01 2.341692988585311941e+00
4.583572485912474348e-01 2.344464659067555523e+00
4.582226123079648494e-01 2.344074163562251734e+00
4.581567099575527546e-01 2.344956861219344102e+00
4.573936908179848104e-01 2.345225101183392447e+00
4.587959861407770457e-01 2.342023476336217769e+00
4.587606381084282647e-01 2.343259661008774586e+00
4.579766970726513731e-01 2.344074374552564954e+00
4.577033326858683804e-01 2.345907849805882517e+00
4.597034301453085114e-01 2.344727522498170291e+00
4.585651875978793424e-01 2.344613202168738031e+00
4.598599557046920139e-01 2.345120479831643401e+00
4.588587122386302286e-01 2.341311464842901202e+00
4.573437795644061388e-01 2.343893216999396678e+00
4.581034890274729432e-01 2.341782450268313109e+00
4.594249726609670459e-01 2.345183249818669324e+00
4.579880286887348384e-01 2.345675453871495897e+00
4.589107599431687112e-01 2.344292186110686682e+00
4.589141334763560676e-01 2.342923473327491735e+00
4.579903171238909332e-01 2.345741030476374167e+00
4.586502877482678264e-01 2.342970222323479845e+00
4.586342967291832107e-01 2.343055883373215131e+00
4.589119024682972170e-01 2.344568860719556280e+00
4.592301646812930183e-01 2.343904791340779337e+00
4.581543958566288155e-01 2.343882700545234066e+00
4.600378528985644144e-01 2.345480385910958088e+00
4.578147699637328816e-01 2.344744463429416115e+00
4.591245990770300156e-01 2.343319451266091757e+00
4.582151518831143466e-01 2.342435394102370338e+00
4.573180579066753459e-01 2.345151021460301521e+00
4.582533953472125443e-01 2.343627346035759285e+00
4.575405884767048126e-01 2.345503375263948698e+00
4.585566487843150685e-01 2.343775624017853776e+00
4.584611002447595007e-01 2.346896618988320693e+00
4.575141610587368790e-01 2.343957045879148993e+00
4.577397827569913424e-01 2.343274021373912941e+00
4.600919812170544687e-01 2.344857572575035132e+00
4.591650604464991292e-01 2.344861616244761304e+00
4.564368833956177207e-01 2.345184804945354085e+00
4.567697822700101384e-01 2.344879391835485993e+00
4.567643659007747936e-01 2.346109884689354885e+00
4.599593186288819524e-01 2.344314649521623828e+00
4.573733417301798498e-01 2.346390276504657812e+00
4.582918790769922590e-01 2.342998466515239464e+00
4.585752632291063557e-01 2.347187638407047583e+00
4.576873879202412176e-01 2.344802796087322339e+00
4.567456167501079967e-01 2.343980683723074776e+00
4.586416790389529208e-01 2.343275112214087574e+00
